3.835907697677612305e+00
3.637576103210449219e-02
-6.571669578552246094e-01
2.805046558380126953e+00
-5.923320055007934570e-01
-3.156898021697998047e+00
-3.795007228851318359e+00
1.446653127670288086e+00
2.561557292938232422e-01
-7.358858585357666016e-01
-1.259199619293212891e+00
-1.868203401565551758e+00
3.614648103713989258e+00
2.111071586608886719e+00
8.347351551055908203e-01
2.782617568969726562e+00
4.489018440246582031e+00
2.493123769760131836e+00
6.166734695434570312e-01
3.291987419128417969e+00
5.118049621582031250e+00
2.447870492935180664e+00
2.623621225357055664e+00
4.732560157775878906e+00
6.420155763626098633e-01
1.096955776214599609e+00
3.420208930969238281e+00
2.745983362197875977e+00
3.866709232330322266e+00
2.020040273666381836e+00
-3.806333541870117188e-01
2.267678260803222656e+00
7.162761211395263672e+00
1.298950195312500000e+00
-1.703071832656860352e+00
6.145207285881042480e-01
2.268015861511230469e+00
4.166402339935302734e+00
1.585643291473388672e-01
-2.102276563644409180e+00
2.895095825195312500e+00
-3.811874389648437500e-01
3.093518972396850586e+00
2.947617530822753906e+00
4.580772399902343750e+00
-4.278562545776367188e+00
2.564451217651367188e+00
1.604303598403930664e+00
1.274295568466186523e+00
4.513983726501464844e-01
8.675917387008666992e-01
-2.040610313415527344e-01
1.064180493354797363e+00
5.410810708999633789e-01
-2.277525663375854492e-01
5.121322631835937500e+00
2.892664909362792969e+00
4.610053062438964844e+00
3.795795440673828125e-01
-1.184332132339477539e+00
2.839860200881958008e+00
2.303844928741455078e+00
-1.101774692535400391e+00
8.398227691650390625e-01
-2.902513742446899414e-01
-5.833106040954589844e-01
3.834495306015014648e+00
-3.192331314086914062e+00
-1.193238258361816406e+00
-8.984377384185791016e-01
3.271284580230712891e+00
2.554640769958496094e+00
3.495248317718505859e+00
-2.857119560241699219e+00
-7.357332706451416016e-01
2.066703319549560547e+00
-7.759754657745361328e-01
1.917398571968078613e+00
-2.052109956741333008e+00
3.727836132049560547e+00
-3.462046384811401367e-01
2.183619737625122070e-01
2.739968895912170410e-01
2.724775791168212891e+00
8.573233485221862793e-01
-6.314250230789184570e-01
5.797359466552734375e+00
-5.105487108230590820e-01
3.251901865005493164e+00
-2.087624549865722656e+00
6.077239513397216797e-01
-3.006177425384521484e+00
-3.595805644989013672e+00
1.290657043457031250e+00
4.213694095611572266e+00
-2.883614778518676758e+00
-8.096587657928466797e-01
2.137581825256347656e+00
-1.939936637878417969e+00
1.259542346000671387e+00
7.017930030822753906e+00
2.331608533859252930e-02
1.606155395507812500e+00
2.868367671966552734e+00
3.693221211433410645e-01
-1.284028053283691406e+00
9.957968592643737793e-01
-1.662106513977050781e+00
-1.841977834701538086e-01
-8.939485549926757812e-01
2.586779117584228516e+00
2.306339263916015625e+00
2.642246484756469727e-01
1.902377486228942871e+00
-2.100417137145996094e+00
3.298214197158813477e+00
3.518554210662841797e+00
1.485106945037841797e+00
-1.834548473358154297e+00
1.396167278289794922e-02
-4.241710901260375977e-01
2.563062191009521484e+00
-3.095140457153320312e+00
1.642733335494995117e+00
1.606319427490234375e+00
3.450143814086914062e+00
-9.502627849578857422e-01
-3.567188262939453125e+00
3.162927627563476562e+00
2.190674304962158203e+00
-4.132091999053955078e-01
1.876326441764831543e+00
-7.249201536178588867e-01
1.176188588142395020e+00
1.077896118164062500e+00
-5.811965465545654297e-02
2.578660964965820312e+00
2.392515897750854492e+00
3.901687860488891602e-01
-1.715641736984252930e+00
5.317581892013549805e-01
2.321471571922302246e-01
3.597918987274169922e+00
1.488211870193481445e+00
6.144788861274719238e-01
-1.596532821655273438e+00
2.702906370162963867e+00
6.473629951477050781e+00
-8.836843967437744141e-01
-2.881382226943969727e+00
3.582577943801879883e+00
3.054045915603637695e+00
7.946447134017944336e-01
4.034863948822021484e+00
5.110044479370117188e+00
2.403892755508422852e+00
1.733586668968200684e+00
1.037651300430297852e+00
2.573919773101806641e+00
2.774266719818115234e+00
2.347681045532226562e+00
-3.133900165557861328e-01
1.327206969261169434e+00
-2.719268798828125000e-01
3.783233165740966797e+00
2.568604946136474609e+00
-1.298880338668823242e+00
4.123767852783203125e+00
-4.514484882354736328e+00
1.261712312698364258e+00
-1.796051979064941406e+00
1.808104991912841797e+00
3.289566040039062500e+00
-1.918853521347045898e-01
-6.068764925003051758e-01
2.998592853546142578e+00
3.489514827728271484e+00
8.220480084419250488e-01
1.023866534233093262e-01
-4.794542789459228516e-01
1.851656436920166016e+00
-2.237555980682373047e-01
1.286458134651184082e+00
-1.183722734451293945e+00
2.205407619476318359e-01
-3.201360702514648438e+00
2.028473377227783203e+00
2.180059432983398438e+00
2.931365489959716797e+00
-5.906412601470947266e-01
3.083922624588012695e+00
2.413589000701904297e+00
-9.990493059158325195e-01
2.942634820938110352e-01
1.405239224433898926e+00
1.925257802009582520e+00
2.315055370330810547e+00
-7.071341276168823242e-01
-1.026989936828613281e+00
7.350488901138305664e-01
2.657673835754394531e+00
-1.378841161727905273e+00
6.698590755462646484e+00
2.650607824325561523e-01
5.395910739898681641e-01
2.394981145858764648e+00
-7.649620771408081055e-01
4.285734176635742188e+00
-1.562773942947387695e+00
1.026430726051330566e+00
3.699959278106689453e+00
-6.835513114929199219e-01
5.735467433929443359e+00
2.331572055816650391e+00
3.340585231781005859e+00
-1.187170743942260742e-01
-1.036878585815429688e+00
-2.516502857208251953e+00
4.681959152221679688e+00
1.151400804519653320e+00
1.320299267768859863e+00
1.938205242156982422e+00
1.192394375801086426e+00
4.160298347473144531e+00
3.684771299362182617e+00
3.399205684661865234e+00
2.252211570739746094e-01
-3.821069002151489258e-01
2.918029546737670898e+00
1.869253158569335938e+00
3.142925262451171875e+00
4.268679618835449219e+00
2.890851974487304688e+00
1.569457650184631348e-01
5.135568976402282715e-01
1.531846523284912109e+00
2.640729427337646484e+00
1.216153383255004883e+00
1.528287768363952637e+00
1.043156981468200684e+00
-5.075228214263916016e-02
6.630097031593322754e-01
-1.529660940170288086e+00
8.669186234474182129e-01
1.800108671188354492e+00
1.363767385482788086e+00
4.280389785766601562e+00
2.234306335449218750e+00
3.372600078582763672e+00
4.770967483520507812e+00
3.979343414306640625e+00
-1.531723022460937500e+00
4.117411613464355469e+00
2.452497959136962891e+00
9.860408902168273926e-01
-3.785334110260009766e+00
3.613929748535156250e+00
-4.352823495864868164e-01
1.533793210983276367e+00
-6.512352228164672852e-01
2.566185593605041504e-01
3.912131071090698242e+00
2.825545787811279297e+00
2.128561019897460938e+00
1.088990449905395508e+00
-2.758749723434448242e-01
1.351283669471740723e+00
-1.133088588714599609e+00
6.606667041778564453e+00
2.191540241241455078e+00
-2.604828596115112305e+00
-3.429557085037231445e-01
3.688591480255126953e+00
-2.797205209732055664e+00
1.155274152755737305e+00
1.773797750473022461e+00
-5.275033950805664062e+00
4.379965782165527344e+00
4.257832527160644531e+00
3.273685932159423828e+00
3.869571924209594727e+00
5.522549629211425781e+00
-6.462861299514770508e-01
4.362708091735839844e+00
3.032428979873657227e+00
-1.183531761169433594e+00
1.806177616119384766e+00
-2.170740365982055664e+00
-6.643142700195312500e-01
5.826644897460937500e+00
-1.063863277435302734e+00
1.132001161575317383e+00
1.826738595962524414e+00
1.001230120658874512e+00
3.114353418350219727e+00
-1.305778026580810547e+00
1.562935352325439453e+00
-4.762865304946899414e-01
-2.288844585418701172e-01
2.516981601715087891e+00
2.238114356994628906e+00
1.918190717697143555e+00
2.538209199905395508e+00
-5.282931327819824219e-01
-3.121017932891845703e+00
2.248946666717529297e+00
2.343995571136474609e+00
3.661538362503051758e-01
-2.642637014389038086e+00
4.794814109802246094e+00
-2.843939542770385742e+00
3.169039964675903320e+00
2.508784532546997070e+00
3.430974960327148438e+00
3.055376052856445312e+00
-3.466227054595947266e-01
-1.374130249023437500e-01
9.823392629623413086e-01
1.002332925796508789e+00
-7.640624046325683594e-02
-3.427251338958740234e+00
-4.256725311279296875e-03
1.903235554695129395e+00
3.115378379821777344e+00
1.446331262588500977e+00
-1.780052900314331055e+00
1.234599828720092773e+00
3.315719842910766602e+00
-3.346372127532958984e+00
2.681797504425048828e+00
1.539255023002624512e+00
-2.588586568832397461e+00
2.687035083770751953e+00
3.125050783157348633e+00
3.379467248916625977e+00
-5.223361015319824219e+00
3.473115682601928711e+00
6.122426509857177734e+00
-1.857604026794433594e+00
-1.889783859252929688e+00
1.500622034072875977e-01
-1.380664348602294922e+00
-9.820554256439208984e-01
1.342495679855346680e+00
3.293724775314331055e+00
5.171209573745727539e-02
-2.015225887298583984e+00
2.443116664886474609e+00
3.946924924850463867e+00
1.590230464935302734e+00
2.312977790832519531e+00
1.289595127105712891e+00
-1.563048362731933594e+00
2.594533920288085938e+00
-4.934341907501220703e-01
1.509011268615722656e+00
1.732614040374755859e+00
-2.268270015716552734e+00
5.895734310150146484e+00
-1.063591003417968750e+00
-2.746812343597412109e+00
-1.308669805526733398e+00
-9.687408208847045898e-01
-7.004860639572143555e-01
-2.758679389953613281e+00
-2.155418157577514648e+00
-3.245851993560791016e-01
-2.888434410095214844e+00
3.221473097801208496e-01
1.699709177017211914e+00
4.026859402656555176e-01
9.130175709724426270e-01
1.693309307098388672e+00
-1.074632167816162109e+00
1.150164604187011719e-01
5.033643245697021484e+00
4.915412902832031250e+00
3.543385267257690430e-01
2.065368413925170898e+00
-1.967916965484619141e+00
3.891764163970947266e+00
8.616968989372253418e-01
-6.078460216522216797e-01
5.832630395889282227e-01
-1.868590831756591797e+00
1.868313670158386230e+00
4.847088456153869629e-01
4.160376787185668945e-01
-4.444882869720458984e+00
7.853570580482482910e-01
1.535512208938598633e+00
-1.933972597122192383e+00
3.749718070030212402e-01
1.346284151077270508e+00
2.187926769256591797e+00
2.061976790428161621e-01
-2.611691951751708984e-01
3.009567737579345703e+00
1.224630594253540039e+00
-6.691390514373779297e+00
4.435185909271240234e+00
-1.132998228073120117e+00
1.871414780616760254e-01
9.962831139564514160e-01
2.889202833175659180e+00
-3.206003189086914062e+00
1.437320113182067871e+00
1.476889967918395996e+00
2.251277446746826172e+00
-1.964277744293212891e+00
-1.677324533462524414e+00
2.435849189758300781e+00
-3.712296485900878906e+00
1.148481011390686035e+00
1.410979032516479492e+00
-7.723534107208251953e-02
1.682857155799865723e+00
1.503077864646911621e+00
1.758528351783752441e+00
1.618679165840148926e-01
2.555514335632324219e+00
3.603731632232666016e+00
1.355278491973876953e-02
6.898710727691650391e-01
1.584275245666503906e+00
1.095757722854614258e+00
2.397946834564208984e+00
2.434733390808105469e+00
-3.267382383346557617e-01
1.171546220779418945e+00
-1.845581054687500000e+00
-2.216743230819702148e-01
2.350587844848632812e+00
-1.152987957000732422e+00
-3.622220039367675781e+00
3.065881967544555664e+00
3.675286769866943359e+00
5.432164669036865234e-01
-5.732959508895874023e-01
8.849908709526062012e-01
5.658941745758056641e+00
2.454192876815795898e+00
4.364921569824218750e+00
4.845839142799377441e-01
5.232453346252441406e-03
-1.571325063705444336e+00
9.959256052970886230e-01
-2.649462461471557617e+00
1.889673471450805664e+00
-1.363162994384765625e+00
3.360810995101928711e+00
-8.277478218078613281e-01
8.257786035537719727e-01
2.669336199760437012e-01
-2.925206422805786133e-01
1.579962372779846191e-01
3.604069232940673828e+00
3.882604837417602539e+00
-6.706011295318603516e+00
9.499437212944030762e-01
2.811431407928466797e+00
-2.400408029556274414e+00
2.344177722930908203e+00
2.060909032821655273e+00
-1.164375543594360352e-01
2.704906463623046875e+00
1.176719427108764648e+00
4.675605297088623047e+00
4.294665336608886719e+00
-2.476109504699707031e+00
1.849831819534301758e+00
5.987126827239990234e+00
3.422866582870483398e+00
1.716590642929077148e+00
8.762578368186950684e-01
1.845078229904174805e+00
-2.329246282577514648e+00
2.376133203506469727e+00
9.634202122688293457e-01
2.301281452178955078e+00
2.379540920257568359e+00
1.520358324050903320e+00
4.014055252075195312e+00
2.614187240600585938e+00
8.724317550659179688e-01
1.564634799957275391e+00
5.228630542755126953e+00
3.370933771133422852e+00
1.324791550636291504e+00
-1.302848577499389648e+00
-2.083927869796752930e+00
2.722155570983886719e+00
-7.722229957580566406e-01
1.131039857864379883e+00
-1.333013772964477539e-01
-1.205924510955810547e+00
3.447025060653686523e+00
5.402644872665405273e-01
-1.079897642135620117e+00
4.265837669372558594e+00
7.440789341926574707e-01
2.076289176940917969e+00
2.087623596191406250e+00
3.497668743133544922e+00
-1.286978721618652344e-01
-1.664083957672119141e+00
1.670229673385620117e+00
-1.279226303100585938e+00
2.964851379394531250e+00
3.276537895202636719e+00
-1.564904212951660156e+00
-7.010923624038696289e-01
1.040500402450561523e+00
1.865659475326538086e+00
4.472751140594482422e+00
3.181182384490966797e+00
-4.966507911682128906e+00
2.268987298011779785e-01
-3.069003820419311523e-01
4.617057323455810547e+00
3.295999050140380859e+00
9.290431737899780273e-01
3.600172996520996094e+00
-7.621692419052124023e-01
3.503792047500610352e+00
-1.100671768188476562e+00
1.929089784622192383e+00
-9.817776679992675781e-01
3.880746126174926758e+00
1.986290931701660156e+00
2.578225135803222656e+00
2.051357746124267578e+00
-2.584239244461059570e+00
-3.213598728179931641e+00
-1.906457185745239258e+00
1.026881456375122070e+00
9.769906401634216309e-01
1.810924291610717773e+00
3.171841859817504883e+00
8.271564245223999023e-01
-1.753098487854003906e+00
-2.922583818435668945e-01
1.595393300056457520e+00
2.445720195770263672e+00
8.932080268859863281e-01
-2.879621028900146484e+00
2.342866420745849609e+00
1.985270261764526367e+00
2.117645740509033203e+00
1.270991683006286621e+00
1.745165109634399414e+00
-2.056716680526733398e+00
3.885521888732910156e+00
4.938849449157714844e+00
-2.129819869995117188e+00
2.535875797271728516e+00
7.569694519042968750e-02
4.526152610778808594e+00
-3.997325420379638672e+00
1.821272134780883789e+00
3.722132205963134766e+00
1.668130874633789062e+00
-1.636098146438598633e+00
3.016863465309143066e-01
5.235934853553771973e-01
2.496421337127685547e-02
-3.215982437133789062e+00
3.646628379821777344e+00
2.721553802490234375e+00
3.212699651718139648e+00
8.972471952438354492e-01
-9.799289703369140625e-01
1.297370195388793945e+00
-6.995242834091186523e-01
2.060847282409667969e+00
-1.998781442642211914e+00
-1.069387197494506836e+00
1.294797420501708984e+00
2.930303573608398438e+00
1.752471685409545898e+00
-1.900435209274291992e+00
1.267230749130249023e+00
-2.781283855438232422e-02
3.049993038177490234e+00
5.036596298217773438e+00
1.590287923812866211e+00
5.585166454315185547e+00
3.190982818603515625e+00
4.549188613891601562e+00
1.705557346343994141e+00
1.242634773254394531e+00
-9.998321533203125000e-03
-1.780639886856079102e+00
-8.258900642395019531e-01
5.618986129760742188e+00
2.396527051925659180e+00
-1.988325595855712891e+00
6.591564416885375977e-01
1.339726209640502930e+00
-2.539412975311279297e-01
-7.810189247131347656e+00
-6.867800951004028320e-01
-1.100803852081298828e+00
-3.292798042297363281e+00
-2.385203361511230469e+00
2.596839666366577148e+00
2.890754342079162598e-01
1.478616595268249512e-01
2.127303600311279297e+00
9.853143095970153809e-01
1.311507940292358398e+00
7.956117391586303711e-01
-1.034466981887817383e+00
-1.663326501846313477e+00
2.813863277435302734e+00
2.160145044326782227e-01
9.471499919891357422e-01
1.041709423065185547e+00
-1.204721927642822266e-01
3.395560979843139648e+00
4.928665161132812500e+00
-1.322861194610595703e+00
-3.471548080444335938e+00
1.317580223083496094e+00
4.449867248535156250e+00
1.055467724800109863e+00
2.148747444152832031e-01
-2.506179809570312500e+00
-2.819867610931396484e+00
3.931424856185913086e+00
9.367535114288330078e-01
1.487636089324951172e+00
3.089560747146606445e+00
2.553249359130859375e+00
1.715934276580810547e-02
-1.876968860626220703e+00
-1.493561267852783203e+00
2.341272830963134766e+00
3.099459886550903320e+00
6.768797874450683594e+00
4.054552078247070312e+00
-1.375947713851928711e+00
1.296984910964965820e+00
2.267922401428222656e+00
-2.898832082748413086e+00
4.532424926757812500e+00
2.731623172760009766e+00
-4.149000644683837891e-01
5.505033493041992188e+00
1.744759082794189453e-02
1.955607414245605469e+00
3.744555950164794922e+00
8.847720026969909668e-01
3.112934350967407227e+00
-1.726962327957153320e+00
2.879409074783325195e+00
1.268519639968872070e+00
5.779771804809570312e+00
2.955947518348693848e-01
3.096339106559753418e-01
4.986528754234313965e-01
-3.900437355041503906e-01
5.102170944213867188e+00
2.961356043815612793e-01
2.916307449340820312e+00
-1.584872007369995117e-01
4.365972518920898438e+00
-2.715675830841064453e-01
1.074447393417358398e+00
-3.698495864868164062e+00
-1.855200529098510742e+00
1.265131831169128418e-01
2.199155330657958984e+00
2.344279766082763672e+00
1.080529570579528809e+00
5.803394317626953125e-01
5.255464553833007812e+00
1.976692795753479004e+00
3.728981733322143555e+00
4.136405944824218750e+00
6.011965274810791016e-01
-8.369288444519042969e-01
-1.908855438232421875e+00
8.024152755737304688e+00
-1.382852792739868164e+00
-4.559285163879394531e+00
6.222221374511718750e+00
-6.383236646652221680e-01
7.219545841217041016e-01
-2.275168895721435547e-02
1.627818822860717773e+00
1.687968969345092773e+00
1.754264593124389648e+00
2.921439409255981445e+00
-2.455097198486328125e+00
6.159018039703369141e+00
-2.221928834915161133e-01
5.299770355224609375e+00
1.509354829788208008e+00
1.205489635467529297e+00
1.514003992080688477e+00
2.815896272659301758e-02
1.820139527320861816e+00
1.106235027313232422e+00
-1.555701971054077148e+00
5.377951860427856445e-01
1.700065493583679199e+00
5.576604604721069336e-01
-2.693381309509277344e-01
1.584397315979003906e+00
-3.818534612655639648e-01
3.049701929092407227e+00
4.341006278991699219e+00
-5.485193729400634766e-01
3.042884826660156250e+00
3.582007169723510742e+00
4.295116662979125977e-02
2.666296482086181641e+00
4.027935028076171875e+00
-1.848487854003906250e-01
1.574630022048950195e+00
-3.798931837081909180e-01
2.067076683044433594e+00
1.663087606430053711e+00
7.520740032196044922e-01
-2.258876562118530273e-01
-2.508026838302612305e+00
1.272251367568969727e+00
-5.857204198837280273e-01
-3.300280094146728516e+00
8.365836143493652344e-01
-1.102676868438720703e+00
-5.969684123992919922e-01
1.037429571151733398e+00
-1.034606456756591797e+00
2.495206356048583984e+00
1.630539178848266602e+00
1.164548993110656738e+00
-1.554529428482055664e+00
3.510245323181152344e+00
6.810081005096435547e-02
-5.585862398147583008e-01
-5.964996337890625000e+00
1.761785864830017090e+00
-1.361835002899169922e+00
3.097584724426269531e+00
5.156132578849792480e-01
-3.449735641479492188e-01
1.614153385162353516e+00
1.180852651596069336e-01
-4.206820726394653320e-01
3.025048971176147461e-01
2.021881103515625000e+00
4.075971603393554688e+00
2.943168878555297852e+00
3.599828481674194336e-02
3.867444276809692383e+00
-4.061658382415771484e-01
-1.423640251159667969e+00
-1.180778741836547852e+00
3.106437206268310547e+00
-2.852966070175170898e+00
2.091769695281982422e+00
2.813978791236877441e-01
1.216981053352355957e+00
-2.596337795257568359e-01
2.249770402908325195e+00
1.975329637527465820e+00
-3.815104961395263672e+00
4.056900024414062500e+00
8.694492578506469727e-01
3.005297183990478516e+00
-6.745811700820922852e-01
1.674572467803955078e+00
-1.718790531158447266e+00
1.022914767265319824e+00
-1.613223075866699219e+00
-1.077693223953247070e+00
-2.587880611419677734e+00
4.812138080596923828e+00
3.573890686035156250e+00
1.583833456039428711e+00
-1.958820581436157227e+00
3.070540428161621094e+00
3.926653861999511719e-01
8.711757659912109375e-01
3.599600195884704590e-01
6.144921779632568359e+00
3.225663661956787109e+00
-1.410205364227294922e-01
6.769654750823974609e+00
1.835017204284667969e+00
1.815493583679199219e+00
-4.146559238433837891e-01
2.671741962432861328e+00
-1.382956743240356445e+00
-3.590770959854125977e-01
-2.871299266815185547e+00
3.599347829818725586e+00
1.378517270088195801e+00
2.629387140274047852e+00
5.386111259460449219e+00
3.223350524902343750e+00
-2.295138835906982422e-01
-1.120786190032958984e+00
1.541547536849975586e+00
3.255753993988037109e+00
1.049820661544799805e+00
4.952636361122131348e-01
3.342855453491210938e+00
-1.133414030075073242e+00
3.470058441162109375e+00
3.391206741333007812e+00
3.618307590484619141e+00
1.755984067916870117e+00
-1.927872896194458008e-01
1.612256169319152832e+00
3.356775045394897461e+00
3.031024456024169922e+00
1.546112060546875000e+00
6.466698646545410156e-01
2.528687000274658203e+00
9.256964921951293945e-02
2.021867990493774414e+00
6.043322086334228516e-01
-3.883104801177978516e+00
3.296625614166259766e+00
1.693394064903259277e+00
-4.785465717315673828e+00
3.528180122375488281e+00
-3.493430614471435547e-01
-5.766074657440185547e-01
5.274618268013000488e-01
5.562907218933105469e+00
-8.715157508850097656e-01
3.341503739356994629e-01
8.100755214691162109e-01
-1.668130397796630859e+00
9.120079874992370605e-01
6.212294101715087891e-01
-4.643163681030273438e-01
1.997144818305969238e+00
2.968839645385742188e+00
4.318541288375854492e-01
9.469245672225952148e-01
1.987644791603088379e+00
-1.644462347030639648e-01
3.312498331069946289e+00
-1.881843090057373047e+00
2.219175815582275391e+00
3.984648466110229492e+00
8.155670166015625000e-01
1.155658721923828125e+00
4.032396793365478516e+00
-5.728683471679687500e-01
1.227779507637023926e+00
1.048216938972473145e+00
-1.025155782699584961e+00
1.519814848899841309e+00
5.770730972290039062e-02
1.028140425682067871e+00
1.796551704406738281e+00
-1.236804485321044922e+00
-7.890706062316894531e-01
3.827590703964233398e+00
-5.038292407989501953e-01
-1.026535987854003906e+00
1.431093931198120117e+00
-1.535073518753051758e+00
2.650044560432434082e-01
-1.557636737823486328e+00
2.740045785903930664e-01
1.896535634994506836e+00
-3.417347908020019531e+00
1.186403989791870117e+00
-3.405542850494384766e+00
-1.084539651870727539e+00
8.663294911384582520e-01
4.889409065246582031e+00
6.536013484001159668e-01
1.795085906982421875e+00
4.058274269104003906e+00
1.887833833694458008e+00
3.647920370101928711e+00
-4.774437904357910156e+00
-6.237335205078125000e-01
-1.809600830078125000e+00
3.314121007919311523e+00
-1.941540479660034180e+00
4.031582832336425781e+00
1.534451961517333984e+00
-2.787964344024658203e+00
1.338413953781127930e-01
3.939854383468627930e+00
-1.359860897064208984e+00
-2.783935785293579102e+00
5.570053100585937500e+00
-2.207921028137207031e+00
-1.007641553878784180e+00
5.294708251953125000e+00
4.870603561401367188e+00
2.898668527603149414e+00
8.173432350158691406e-01
1.304978847503662109e+00
4.599796295166015625e+00
1.802306652069091797e+00
-3.081092357635498047e+00
1.870346665382385254e-01
7.790637016296386719e-01
1.364406466484069824e+00
3.136875152587890625e+00
5.608972311019897461e-01
1.482406735420227051e+00
1.150956153869628906e+00
-1.623962879180908203e+00
8.391849398612976074e-01
-8.995325565338134766e-01
-1.813409328460693359e+00
-3.247041702270507812e-01
-2.728862285614013672e+00
1.722134828567504883e+00
-5.755629539489746094e-01
-1.926799535751342773e+00
1.253945589065551758e+00
1.548673629760742188e+00
1.317211151123046875e+00
5.675027966499328613e-01
-9.853551387786865234e-01
2.188009500503540039e+00
2.540676832199096680e+00
-1.351591348648071289e-01
5.410483837127685547e+00
1.613621234893798828e+00
4.251217842102050781e+00
-7.068645954132080078e-02
3.390336513519287109e+00
1.774663925170898438e+00
2.427122592926025391e-01
-1.379857778549194336e+00
6.475340366363525391e+00
1.710975170135498047e+00
-2.420565605163574219e+00
-4.506577253341674805e-01
-7.463338375091552734e-01
7.366772294044494629e-01
2.020112514495849609e+00
2.387491226196289062e+00
2.468001127243041992e+00
-1.199954748153686523e+00
2.211849927902221680e+00
1.439698576927185059e+00
-3.463126659393310547e+00
-3.211507797241210938e-01
-6.215707063674926758e-01
2.045707225799560547e+00
7.050502300262451172e-01
5.365642547607421875e+00
2.777130126953125000e+00
-1.920846700668334961e-01
-1.135337591171264648e+00
-8.378914594650268555e-01
5.064472198486328125e+00
-4.629659652709960938e-02
-3.200505256652832031e+00
2.747010946273803711e+00
2.176238894462585449e-01
-7.146546840667724609e-01
1.365530252456665039e+00
3.146048784255981445e+00
1.938002347946166992e+00
1.065252423286437988e+00
3.260305523872375488e-01
6.743782758712768555e-01
1.132552862167358398e+00
1.817965149879455566e+00
3.585664033889770508e-01
2.194656372070312500e+00
3.616328954696655273e+00
4.390530586242675781e-01
1.505446553230285645e+00
2.317639350891113281e+00
3.912340402603149414e-01
-3.399958610534667969e-01
3.004028081893920898e+00
2.223603725433349609e+00
-4.226850271224975586e-01
9.983854889869689941e-01
-9.113087654113769531e-01
-1.218678951263427734e+00
3.427426099777221680e+00
-2.542001724243164062e+00
1.100666403770446777e+00
-1.548520565032958984e+00
6.872717142105102539e-01
1.469601511955261230e+00
3.234685182571411133e+00
2.333255767822265625e+00
2.231081962585449219e+00
2.747701406478881836e+00
1.032526254653930664e+00
