-2.112712860107421875e-01
3.502053499221801758e+00
1.445883631706237793e+00
-2.359647989273071289e+00
1.849858760833740234e+00
-2.335009336471557617e+00
3.317371845245361328e+00
4.137481689453125000e+00
1.904151320457458496e+00
2.130751609802246094e+00
-1.677359342575073242e+00
-1.709986686706542969e+00
5.494149208068847656e+00
-2.027543544769287109e+00
-1.698349237442016602e+00
3.994034528732299805e+00
8.973041176795959473e-01
1.032961964607238770e+00
-1.631254673004150391e+00
9.287856817245483398e-01
5.507082462310791016e+00
4.856801629066467285e-01
-1.290651798248291016e+00
-2.522687435150146484e+00
5.052955746650695801e-01
-5.037558078765869141e-01
-7.377395629882812500e-01
7.307183742523193359e-01
-9.632041454315185547e-01
4.382843017578125000e+00
9.158021211624145508e-01
5.429846644401550293e-01
6.981712579727172852e-01
-1.061301469802856445e+00
2.059750795364379883e+00
-2.709163665771484375e+00
-1.157168388366699219e+00
4.578556060791015625e+00
-1.858468055725097656e-01
1.665358066558837891e+00
-1.013344764709472656e+00
1.007976412773132324e+00
3.186683177947998047e+00
2.488525867462158203e+00
2.628819942474365234e+00
-4.745507240295410156e-01
1.318826675415039062e-01
2.599742412567138672e+00
2.331290721893310547e+00
-1.382763147354125977e+00
3.932331085205078125e+00
2.391283273696899414e+00
-4.560645818710327148e-01
6.687649250030517578e+00
-1.926456689834594727e+00
3.659024715423583984e+00
-1.472331047058105469e+00
-2.635071039199829102e+00
7.573174238204956055e-01
2.550442695617675781e+00
5.328818559646606445e-01
1.388457298278808594e+00
-4.729802608489990234e-01
2.542789220809936523e+00
1.383121252059936523e+00
-2.430765390396118164e+00
3.133439779281616211e+00
1.067612528800964355e+00
-2.874863862991333008e+00
4.304700851440429688e+00
-1.012127876281738281e+00
-5.408242225646972656e+00
-2.808060169219970703e+00
2.122890949249267578e+00
-1.849248647689819336e+00
-9.525711536407470703e-01
1.509004116058349609e+00
4.070657730102539062e+00
1.770430207252502441e-01
-3.586153984069824219e-01
2.008584976196289062e+00
6.528604030609130859e-02
3.357320547103881836e+00
3.119957685470581055e+00
-1.412476062774658203e+00
2.567598342895507812e+00
4.439394474029541016e+00
1.155473351478576660e+00
1.344376564025878906e+00
5.810340642929077148e-01
5.649269104003906250e+00
-1.764615297317504883e+00
-2.119805812835693359e-01
6.380702495574951172e+00
2.127197980880737305e+00
4.921549558639526367e-02
-1.190019607543945312e+00
3.023357868194580078e+00
2.630514144897460938e+00
-3.723272323608398438e+00
-8.181273937225341797e-02
2.739330768585205078e+00
-5.517187118530273438e-01
6.276837587356567383e-01
3.393718719482421875e+00
2.983485698699951172e+00
1.600652337074279785e+00
3.153114318847656250e+00
-6.713389158248901367e-01
-3.456566333770751953e-01
2.489507198333740234e+00
3.712370634078979492e+00
1.534265041351318359e+00
3.212834119796752930e+00
4.903439998626708984e+00
3.226752281188964844e+00
1.710007905960083008e+00
8.365502953529357910e-01
9.096708893775939941e-01
1.926353812217712402e+00
-1.228375434875488281e-01
-8.020602464675903320e-01
-9.982227087020874023e-01
-1.930547952651977539e+00
2.460724353790283203e+00
-9.437524080276489258e-01
3.944462537765502930e-01
1.867151260375976562e+00
-1.925212383270263672e+00
2.365252017974853516e+00
2.449120044708251953e+00
6.747065782546997070e-01
5.358870029449462891e-01
4.323706150054931641e+00
2.978374004364013672e+00
3.621154427528381348e-01
9.042720794677734375e-01
-2.338050603866577148e-01
1.002888441085815430e+00
-2.296624422073364258e+00
-1.778114080429077148e+00
1.893896579742431641e+00
1.009052515029907227e+00
-1.794913291931152344e+00
-1.977916002273559570e+00
2.111602306365966797e+00
2.722727298736572266e+00
-1.705047369003295898e+00
-6.816792488098144531e-01
2.299205303192138672e+00
2.479142665863037109e+00
3.171993970870971680e+00
1.125544667243957520e+00
-2.121212482452392578e+00
7.878935337066650391e-01
2.322871923446655273e+00
1.848979711532592773e+00
2.660068988800048828e+00
2.930577278137207031e+00
1.097862362861633301e+00
1.308659315109252930e-01
6.492202281951904297e-01
4.336151599884033203e+00
2.084201812744140625e+00
1.937952280044555664e+00
1.935645818710327148e+00
5.319904327392578125e+00
1.631807327270507812e+00
-3.950110435485839844e+00
-8.561745882034301758e-01
1.712757468223571777e+00
2.642415523529052734e+00
8.235418200492858887e-01
9.615861773490905762e-01
1.714522838592529297e-01
-2.628380060195922852e-01
7.962515950202941895e-01
5.950975418090820312e-01
1.503352880477905273e+00
3.639557123184204102e+00
-2.432261466979980469e+00
4.217656254768371582e-01
-1.218456268310546875e+00
1.794751882553100586e-01
-3.333011865615844727e-01
-8.375116586685180664e-01
5.099246501922607422e+00
-2.446694612503051758e+00
-1.704244375228881836e+00
-4.237561225891113281e-01
2.098530054092407227e+00
-8.621221780776977539e-01
-3.972046375274658203e-01
-4.574148178100585938e+00
2.360792875289916992e+00
3.189549207687377930e+00
-1.845147371292114258e+00
-7.067149877548217773e-01
-6.422995328903198242e-01
2.518407344818115234e+00
1.441984772682189941e+00
-5.710353851318359375e-01
2.148032426834106445e+00
3.088083744049072266e+00
-2.326238393783569336e+00
1.372414588928222656e+00
-1.345831632614135742e+00
1.318512797355651855e+00
3.186188220977783203e+00
-9.583665132522583008e-01
-7.969419956207275391e-01
2.243368387222290039e+00
4.096856117248535156e+00
-6.028560400009155273e-01
2.690325260162353516e+00
-1.604950428009033203e+00
5.787280082702636719e+00
-1.805711507797241211e+00
2.218242645263671875e+00
1.732689142227172852e-02
1.980246305465698242e+00
9.572297334671020508e-01
2.332901000976562500e+00
2.091843128204345703e+00
1.576059699058532715e+00
3.073617458343505859e+00
3.406121969223022461e+00
4.025106430053710938e-01
2.502918243408203125e-03
-1.580757141113281250e+00
1.029972076416015625e+00
2.414296627044677734e+00
-2.102441549301147461e+00
-4.415575981140136719e+00
-2.142322063446044922e-02
2.116329073905944824e-01
1.318719029426574707e+00
-3.065189123153686523e-01
2.010421752929687500e+00
-2.155041694641113281e+00
3.310778617858886719e+00
2.906427383422851562e+00
2.120888710021972656e+00
1.278517484664916992e+00
-1.075307607650756836e+00
6.066491603851318359e-01
1.333707332611083984e+00
-5.897849798202514648e-01
2.024548053741455078e+00
5.262929201126098633e-02
2.885760664939880371e-01
1.798936367034912109e+00
8.860468268394470215e-01
9.086511731147766113e-01
-2.921105623245239258e+00
2.375654220581054688e+00
1.662950038909912109e+00
2.073178529739379883e+00
-1.024945020675659180e+00
1.497690439224243164e+00
2.856386184692382812e+00
2.452387809753417969e+00
5.895845413208007812e+00
2.286777496337890625e-01
-1.574616909027099609e+00
1.475516557693481445e+00
2.312448263168334961e+00
2.005568027496337891e+00
7.559579610824584961e-02
-3.838791370391845703e+00
2.420568466186523438e-01
-2.277064323425292969e-01
3.589686870574951172e+00
2.083161115646362305e+00
-1.875803470611572266e-01
2.438850879669189453e+00
2.693058252334594727e+00
5.353647708892822266e+00
8.366894721984863281e-02
3.906210660934448242e+00
1.628694057464599609e+00
2.373259067535400391e+00
1.583232879638671875e+00
-1.238712549209594727e+00
1.482181787490844727e+00
3.293931484222412109e+00
2.326096296310424805e-01
-6.518645286560058594e-01
-2.841286420822143555e+00
-9.680020809173583984e-02
-5.287579298019409180e-01
1.211743950843811035e-01
5.757973194122314453e-01
1.611112713813781738e+00
1.044934749603271484e+00
-3.225486278533935547e-01
-2.475028753280639648e+00
5.094978809356689453e-01
3.326407432556152344e+00
-8.111556768417358398e-01
3.671138763427734375e+00
2.930927038192749023e+00
9.328992366790771484e-01
-7.186745405197143555e-01
-2.779921531677246094e+00
-8.352409601211547852e-01
3.767129182815551758e-01
2.851929187774658203e+00
1.466848254203796387e+00
2.354581832885742188e+00
-2.452049255371093750e+00
1.309918403625488281e+00
5.187946319580078125e+00
-3.523929595947265625e+00
-6.678073406219482422e-01
2.739011764526367188e+00
-1.515166997909545898e+00
1.326231837272644043e+00
2.169824361801147461e+00
1.950343251228332520e+00
7.152436375617980957e-01
3.043591737747192383e+00
1.875910043716430664e+00
1.579991102218627930e+00
-2.459813356399536133e+00
2.622011184692382812e+00
2.956197738647460938e+00
-1.449120044708251953e-02
2.792491912841796875e+00
6.115364551544189453e+00
-3.678214550018310547e+00
-1.489235162734985352e-01
3.511142253875732422e+00
4.020179271697998047e+00
1.079490542411804199e+00
-5.336478948593139648e-01
-6.568307876586914062e-01
-7.081940174102783203e-01
1.078855276107788086e+00
2.847320795059204102e+00
5.759810209274291992e-01
-2.654930830001831055e+00
-5.095567703247070312e-01
-2.477244138717651367e-01
3.390453815460205078e+00
1.234177231788635254e+00
5.058846473693847656e+00
8.349251747131347656e-01
3.423571586608886719e+00
3.125295400619506836e+00
1.104787588119506836e+00
2.487236976623535156e+00
2.407163619995117188e+00
-1.133050441741943359e+00
2.077872037887573242e+00
-2.601521015167236328e-01
9.933922886848449707e-01
3.593519210815429688e+00
-3.516451120376586914e-01
1.169818639755249023e+00
-6.895781755447387695e-01
1.576832652091979980e+00
1.283960938453674316e-01
2.594391822814941406e+00
3.096182107925415039e+00
5.038457393646240234e+00
2.298600673675537109e+00
3.756647348403930664e+00
5.330915927886962891e+00
-1.744252443313598633e+00
1.960949540138244629e+00
6.362917900085449219e+00
1.687852025032043457e+00
1.064568161964416504e+00
1.587072134017944336e+00
2.558004379272460938e+00
2.043974876403808594e+00
-1.648460626602172852e+00
1.218090534210205078e+00
2.378560900688171387e-01
2.334092855453491211e+00
2.746741533279418945e+00
1.543704509735107422e+00
2.538895606994628906e+00
-5.746191740036010742e-01
-8.071243762969970703e-02
2.358329772949218750e+00
3.417606592178344727e+00
3.507377147674560547e+00
-8.396399021148681641e-01
1.129768252372741699e+00
1.896741151809692383e+00
5.794817209243774414e-01
3.545091629028320312e+00
4.864665865898132324e-01
1.927107453346252441e+00
2.964600324630737305e+00
2.409311771392822266e+00
3.375468492507934570e+00
2.508545875549316406e+00
-2.925042152404785156e+00
8.206371665000915527e-01
-1.631790637969970703e+00
1.135866522789001465e+00
2.198270797729492188e+00
8.218649029731750488e-01
-1.490331411361694336e+00
-2.045974493026733398e+00
5.516608953475952148e-01
-1.721838235855102539e+00
2.780478596687316895e-01
2.804584980010986328e+00
-5.744173526763916016e-01
5.843049287796020508e-01
-4.149870872497558594e-01
1.324750542640686035e+00
-1.639589786529541016e+00
1.614418983459472656e+00
2.411766529083251953e+00
2.054371356964111328e+00
3.681832075119018555e+00
1.747200965881347656e+00
1.812122583389282227e+00
5.919172286987304688e+00
4.853328704833984375e+00
-1.323643445968627930e+00
2.735629677772521973e-01
-1.601991653442382812e-01
-3.570840358734130859e-01
-5.322067737579345703e-01
6.563650608062744141e+00
7.461568117141723633e-01
1.175020694732666016e+00
-2.124785423278808594e+00
7.410435676574707031e-01
1.315881609916687012e+00
1.789405584335327148e+00
5.184301853179931641e+00
-1.073409557342529297e+00
3.846089839935302734e-01
-5.249011516571044922e-02
-2.771088838577270508e+00
-2.042208433151245117e+00
-2.368906497955322266e+00
2.176972866058349609e+00
-3.082609653472900391e+00
-1.810637235641479492e+00
9.843739271163940430e-01
4.548971176147460938e+00
-1.091086149215698242e+00
-1.934046506881713867e+00
2.455095767974853516e+00
1.788688421249389648e+00
-1.915323019027709961e+00
6.034597158432006836e-01
2.168048858642578125e+00
2.248948097229003906e+00
1.999768495559692383e+00
2.312623500823974609e+00
-1.895065784454345703e+00
-9.610618352890014648e-01
1.353445053100585938e+00
-3.700110912322998047e+00
-6.070766448974609375e-01
-3.060722351074218750e-01
1.927056789398193359e+00
3.410019874572753906e-01
1.892682790756225586e+00
1.319806814193725586e+00
-2.575053453445434570e+00
1.545756459236145020e+00
2.859022855758666992e+00
-3.599666357040405273e-01
6.566277742385864258e-01
1.905956268310546875e+00
-2.845612764358520508e-01
1.688258409500122070e+00
1.706921458244323730e+00
4.495359420776367188e+00
3.964003562927246094e+00
-2.640763282775878906e+00
5.103110074996948242e-01
3.521192073822021484e+00
-1.564286708831787109e+00
-8.770432472229003906e-01
2.132386922836303711e+00
3.979594707489013672e+00
3.588909387588500977e+00
-2.544148921966552734e+00
1.800970315933227539e+00
5.275660991668701172e+00
-5.358090400695800781e-01
2.035281896591186523e+00
1.641272306442260742e+00
1.259427070617675781e-01
3.300037384033203125e+00
1.997215747833251953e+00
-2.123071432113647461e+00
2.689479589462280273e+00
1.714698553085327148e+00
2.439011096954345703e+00
-1.746886730194091797e+00
4.968938827514648438e+00
3.492370843887329102e-01
1.920808672904968262e+00
2.366041660308837891e+00
-7.818957567214965820e-01
3.531685590744018555e+00
-3.019005060195922852e-01
6.685453653335571289e-01
4.932197570800781250e+00
-4.494966268539428711e-01
4.739652156829833984e+00
3.030938386917114258e+00
-5.240116119384765625e-01
2.145619392395019531e+00
3.736744880676269531e+00
1.950696706771850586e+00
-1.198002099990844727e-01
-4.714202880859375000e-02
-3.641223907470703125e+00
8.799605369567871094e-01
4.211115837097167969e+00
-9.820485115051269531e-01
7.600806355476379395e-01
-1.003684759140014648e+00
2.589955091476440430e+00
4.117612361907958984e+00
2.572608947753906250e+00
1.386275410652160645e+00
7.146890163421630859e-01
-6.787492036819458008e-01
-8.664330244064331055e-01
1.870589733123779297e+00
7.614415884017944336e-01
9.729908108711242676e-01
1.025615692138671875e+00
2.663665413856506348e-01
2.207065582275390625e+00
-9.183090925216674805e-01
-3.829267978668212891e+00
3.211459398269653320e+00
-5.405871868133544922e-01
1.347712278366088867e+00
-3.459271192550659180e-01
6.347342729568481445e-01
4.902309775352478027e-01
1.918880939483642578e+00
2.957817554473876953e+00
-3.562739372253417969e+00
5.144245028495788574e-01
-5.983206033706665039e-01
2.171130180358886719e+00
1.051597476005554199e+00
-1.172841310501098633e+00
-1.499650001525878906e+00
2.660053491592407227e+00
3.995630979537963867e+00
1.658922910690307617e+00
2.642783164978027344e+00
2.399973869323730469e-01
3.252130746841430664e+00
7.052649259567260742e-01
2.776842355728149414e+00
-4.270596981048583984e+00
3.710828542709350586e+00
-1.425262689590454102e-01
1.228170633316040039e+00
4.210695266723632812e+00
-1.870490550994873047e+00
9.458886981010437012e-01
-1.940067052841186523e+00
-2.534950017929077148e+00
-5.176471471786499023e-01
2.042424917221069336e+00
5.082403421401977539e-01
1.801990985870361328e+00
5.844160318374633789e-01
5.995732545852661133e-01
1.042939066886901855e+00
4.330399513244628906e+00
-3.627090454101562500e-01
1.681685328483581543e+00
2.724215984344482422e+00
-9.377071857452392578e-01
3.521680355072021484e+00
5.307701110839843750e+00
-1.123622655868530273e+00
1.881665706634521484e+00
-2.628673315048217773e-01
2.009832382202148438e+00
1.663683891296386719e+00
-1.081674337387084961e+00
3.429425954818725586e+00
1.663012504577636719e+00
3.612537145614624023e+00
1.624227523803710938e+00
-2.980533361434936523e+00
1.574763774871826172e+00
4.506518363952636719e+00
4.214124202728271484e+00
-1.899750947952270508e+00
3.537278413772583008e+00
6.028803348541259766e+00
3.281199216842651367e+00
-6.652082204818725586e-01
-8.225514888763427734e-01
1.004401087760925293e+00
1.905145645141601562e-01
-1.654248952865600586e+00
2.820248126983642578e+00
1.904755353927612305e+00
1.828077077865600586e+00
7.411701679229736328e-01
-1.728866100311279297e+00
-2.524277925491333008e+00
-9.677240848541259766e-01
-1.265699148178100586e+00
1.345601081848144531e-01
5.343705415725708008e-02
7.410081624984741211e-01
1.999037265777587891e+00
-1.549443006515502930e-01
2.997289180755615234e+00
8.664317131042480469e-01
3.133845806121826172e+00
-6.959894895553588867e-01
-1.523960351943969727e+00
-1.789389848709106445e+00
1.696958780288696289e+00
2.935949802398681641e+00
2.334584236145019531e+00
2.702597856521606445e+00
-7.675218582153320312e-01
-3.748559951782226562e-02
3.752914667129516602e+00
4.738849997520446777e-01
3.410184979438781738e-01
-2.572407722473144531e-01
-4.709401130676269531e-01
-4.179158210754394531e-01
1.387202143669128418e-01
1.264852881431579590e-01
1.721017956733703613e+00
2.281401395797729492e+00
1.037816166877746582e+00
-2.834831476211547852e-01
3.591437101364135742e+00
9.715439677238464355e-01
2.326690435409545898e+00
-8.434524536132812500e-01
4.203700065612792969e+00
2.160269021987915039e-02
3.579353094100952148e-01
-5.996290445327758789e-01
3.088257551193237305e+00
3.723616838455200195e+00
4.486253738403320312e+00
-5.778914690017700195e-01
-4.507617950439453125e-01
4.624254703521728516e+00
1.786750674247741699e+00
1.930798530578613281e+00
2.634102344512939453e+00
-1.409393548965454102e+00
-2.847859859466552734e+00
9.996356368064880371e-01
5.397498607635498047e-02
3.142256140708923340e-01
1.594704389572143555e+00
-4.587983131408691406e+00
-1.392607212066650391e+00
6.902247667312622070e-01
-2.124369144439697266e-02
1.393404960632324219e+00
3.790780901908874512e-01
2.616811275482177734e+00
-5.937356948852539062e-01
2.480849266052246094e+00
6.991672515869140625e-01
3.126388311386108398e+00
1.766156196594238281e+00
1.381123065948486328e+00
3.301891088485717773e+00
6.689418554306030273e-01
-3.564010620117187500e+00
5.377334356307983398e-02
2.993181705474853516e+00
-7.137073278427124023e-01
1.392067551612854004e+00
1.678950548171997070e+00
-6.044403553009033203e+00
4.804650545120239258e-01
-6.163396835327148438e-01
2.168537616729736328e+00
-4.871145486831665039e-01
1.639686107635498047e+00
-3.426752090454101562e+00
2.579687356948852539e+00
-3.409793853759765625e+00
1.958382844924926758e+00
-3.224428653717041016e+00
2.067403316497802734e+00
-1.942535638809204102e-01
-2.250460386276245117e-01
2.221656322479248047e+00
3.098883867263793945e+00
1.348932147026062012e+00
4.800679206848144531e+00
1.962531328201293945e+00
-4.374397754669189453e+00
3.702444434165954590e-01
3.011059999465942383e+00
1.999005556106567383e+00
-6.501615047454833984e-02
5.634841918945312500e-01
3.472931385040283203e-01
1.029777884483337402e+00
-1.359891891479492188e-02
4.179734230041503906e+00
1.915571451187133789e+00
9.536594390869140625e+00
1.041541099548339844e+00
3.803305625915527344e+00
3.662965536117553711e+00
1.052641868591308594e-01
3.455969333648681641e+00
-1.618850231170654297e-01
1.394254446029663086e+00
-2.244045734405517578e-01
3.782873153686523438e+00
-2.717911243438720703e+00
1.787170171737670898e-01
-7.038537263870239258e-01
-1.965919971466064453e+00
4.073502540588378906e+00
2.135882377624511719e+00
-4.405308961868286133e-01
9.783524870872497559e-01
3.819373846054077148e-01
-9.514663219451904297e-01
-2.001300096511840820e+00
3.321060895919799805e+00
-1.116995573043823242e+00
3.393325209617614746e-01
-2.150889635086059570e+00
3.610625743865966797e+00
2.001898050308227539e+00
5.581714630126953125e+00
-1.689695119857788086e-01
4.180393695831298828e+00
2.937331199645996094e-01
6.337260007858276367e-01
1.065050959587097168e+00
6.025892496109008789e-02
2.098791122436523438e+00
-1.846691370010375977e-01
2.089064598083496094e+00
1.797468662261962891e+00
1.035465955734252930e+00
-1.607808351516723633e+00
-3.567854881286621094e+00
-1.050844192504882812e-01
2.901292443275451660e-01
3.375984907150268555e+00
3.814274072647094727e+00
-8.426110744476318359e-01
3.013614892959594727e+00
1.798477649688720703e+00
4.461446762084960938e+00
1.466692209243774414e+00
1.334777712821960449e+00
-1.940087795257568359e+00
-2.267784595489501953e+00
4.131677627563476562e+00
-7.455204725265502930e-01
1.068271636962890625e+00
-7.581580877304077148e-01
7.763654232025146484e+00
1.709701299667358398e+00
5.221186637878417969e+00
-2.524229288101196289e-01
3.281931161880493164e+00
3.314944744110107422e+00
2.250524282455444336e+00
2.608239650726318359e+00
2.323981046676635742e+00
-2.224185943603515625e+00
2.639556407928466797e+00
1.317299365997314453e+00
2.054505109786987305e+00
1.457345128059387207e+00
6.594443321228027344e-01
-2.452586412429809570e+00
2.453177690505981445e+00
6.538809537887573242e-01
1.660467743873596191e+00
2.554790019989013672e+00
6.632606983184814453e-01
-3.626698255538940430e-01
2.237756967544555664e+00
1.562861442565917969e+00
-1.480511903762817383e+00
4.580927371978759766e+00
1.235353946685791016e+00
-1.306233882904052734e+00
2.381051063537597656e+00
-2.370028972625732422e+00
-2.414686679840087891e-01
-1.479049444198608398e+00
-1.835819482803344727e-01
2.255996704101562500e+00
4.240989089012145996e-01
-6.496430635452270508e-01
-1.840834617614746094e-01
2.453134536743164062e+00
-2.033781528472900391e+00
1.981195807456970215e-01
5.904706954956054688e+00
3.488597154617309570e+00
2.424882888793945312e+00
-9.999823570251464844e-01
7.325834274291992188e+00
1.453895330429077148e+00
3.362567186355590820e+00
2.907445907592773438e+00
7.279832363128662109e-01
-1.912999153137207031e-01
3.271091938018798828e+00
1.158209919929504395e+00
-6.331144571304321289e-01
1.036559224128723145e+00
3.139553308486938477e+00
1.411139011383056641e+00
-9.846436977386474609e-02
1.986900448799133301e+00
-8.217221498489379883e-01
4.255279302597045898e-01
2.590742826461791992e+00
-2.736108303070068359e+00
1.644792318344116211e+00
3.292298316955566406e-02
2.864185571670532227e+00
-3.016198873519897461e-01
6.799047589302062988e-01
1.361958980560302734e+00
2.641795396804809570e+00
-9.420938491821289062e-01
5.161148309707641602e-01
-1.416741847991943359e+00
3.007404565811157227e+00
-2.945099592208862305e+00
1.438949346542358398e+00
3.824919939041137695e+00
-1.572785615921020508e+00
-2.727345943450927734e+00
1.832110881805419922e+00
1.218698024749755859e+00
1.309329748153686523e+00
3.895474076271057129e-01
-2.138016223907470703e-01
5.776506423950195312e+00
1.363402128219604492e+00
3.339560985565185547e+00
-2.112106323242187500e+00
1.948377132415771484e+00
5.230272769927978516e+00
7.960104942321777344e-01
8.871840238571166992e-01
2.522239208221435547e+00
1.538049578666687012e-01
2.775515079498291016e+00
5.213674306869506836e-01
3.089414119720458984e+00
-4.042212963104248047e-01
-6.476570367813110352e-01
-6.470799446105957031e+00
-3.302183151245117188e-01
4.842347145080566406e+00
3.437561988830566406e-01
-3.851770877838134766e+00
3.319273233413696289e+00
1.139300465583801270e+00
-2.703599214553833008e+00
-1.012917995452880859e+00
1.457665205001831055e+00
-1.175496578216552734e-01
1.973939538002014160e-01
-2.319786787033081055e+00
-1.354798078536987305e-01
6.847925186157226562e-01
1.919613361358642578e+00
-1.615215539932250977e-01
2.901589393615722656e+00
2.710228681564331055e+00
3.360190629959106445e+00
1.029594898223876953e+00
4.356949806213378906e+00
-3.730475902557373047e-01
7.695695161819458008e-01
4.631198883056640625e+00
-1.006010770797729492e+00
-8.090497255325317383e-01
2.921995878219604492e+00
-2.981407403945922852e+00
-2.053999662399291992e+00
1.413676738739013672e+00
6.595560908317565918e-01
-3.072575569152832031e+00
3.324614763259887695e-01
-3.037100791931152344e+00
1.612273693084716797e+00
9.743587374687194824e-01
2.035693168640136719e+00
2.318089008331298828e+00
-1.641746044158935547e+00
2.468112707138061523e+00
1.068248033523559570e+00
2.313765525817871094e+00
4.464970588684082031e+00
-1.865295171737670898e-01
5.012833118438720703e+00
5.642112493515014648e-01
-1.088518142700195312e+00
2.619488000869750977e+00
4.619123458862304688e+00
1.631893634796142578e+00
1.697446346282958984e+00
-1.838412046432495117e+00
2.867762565612792969e+00
3.629170656204223633e+00
1.050784468650817871e+00
4.051937103271484375e+00
-2.857526540756225586e+00
1.064396381378173828e+00
1.419433116912841797e+00
1.352831125259399414e+00
3.910048961639404297e+00
-3.112859725952148438e-01
-1.884360790252685547e+00
1.350414633750915527e+00
2.800899028778076172e+00
-3.417115211486816406e+00
-2.669563055038452148e+00
-1.628303527832031250e+00
-8.262099027633666992e-01
1.136747956275939941e+00
-1.609102249145507812e+00
9.182200431823730469e-01
3.388497114181518555e+00
7.725335359573364258e-01
-7.274177074432373047e-01
2.560198307037353516e+00
2.217211008071899414e+00
1.394231915473937988e+00
-2.014934539794921875e+00
-3.839756965637207031e+00
-1.343865394592285156e-01
2.877808094024658203e+00
1.564596652984619141e+00
1.826803922653198242e+00
2.900850772857666016e+00
-2.782270193099975586e+00
1.606986522674560547e-01
-2.315835475921630859e+00
-1.900835752487182617e+00
-2.989358663558959961e+00
3.907243013381958008e+00
3.055119752883911133e+00
-6.453381776809692383e-01
4.988299608230590820e-01
-1.380563974380493164e-01
1.286327838897705078e+00
1.017672061920166016e+00
1.910750389099121094e+00
-2.452706098556518555e+00
7.061940431594848633e-01
-8.211255073547363281e-01
8.078277111053466797e-01
2.915641069412231445e+00
-1.558713912963867188e-01
5.947069525718688965e-01
-2.924895286560058594e-02
-3.942168951034545898e-01
-1.092636346817016602e+00
1.608229517936706543e+00
3.095139861106872559e-01
2.115620613098144531e+00
1.853554606437683105e+00
-1.794147491455078125e+00
1.466038703918457031e+00
2.111792802810668945e+00
1.675508737564086914e+00
2.395041942596435547e+00
8.498899936676025391e-01
-1.864625215530395508e+00
4.214522361755371094e+00
-2.883727312088012695e+00
2.712132930755615234e-01
1.559747457504272461e+00
