-1.183515357971191406e+01 -7.654982566833496094e+00
5.745615005493164062e+00 2.423654556274414062e+00
1.538948535919189453e+00 5.957780838012695312e+00
9.001508712768554688e+00 -2.030624008178710938e+01
-1.726526069641113281e+01 3.096909284591674805e+00
6.154837608337402344e+00 -1.908986473083496094e+01
9.023089408874511719e+00 -2.776555538177490234e+00
2.224590301513671875e+00 -2.736824750900268555e+00
-2.950114727020263672e+00 3.032101154327392578e+00
2.129759550094604492e+00 -7.987509727478027344e+00
5.079608917236328125e+00 -9.990894794464111328e-01
4.884658813476562500e+00 6.282077312469482422e+00
-3.330137968063354492e+00 6.892736434936523438e+00
1.228666400909423828e+01 2.256281089782714844e+01
3.994122743606567383e+00 5.977911949157714844e+00
4.999831199645996094e+00 -1.242184162139892578e+00
1.925648689270019531e+00 1.797770500183105469e+01
-9.005437850952148438e+00 -4.558611392974853516e+00
-1.156010437011718750e+01 -1.538500595092773438e+01
-8.879898071289062500e+00 -8.239744186401367188e+00
1.620777606964111328e+00 1.643286132812500000e+01
-6.129936695098876953e+00 9.870194435119628906e+00
-1.307103633880615234e+01 -7.731820106506347656e+00
1.719599843025207520e+00 -7.996713638305664062e+00
-5.556107521057128906e+00 -2.241484820842742920e-01
-2.943925186991691589e-02 1.608166885375976562e+01
-1.351260185241699219e+01 8.205491065979003906e+00
6.377644538879394531e+00 -1.615936088562011719e+01
-8.191678047180175781e+00 1.403458786010742188e+01
1.161153435707092285e+00 -2.332966089248657227e+00
-3.231706380844116211e+00 4.154726028442382812e+00
3.085120916366577148e+00 -1.800106430053710938e+01
-7.089699745178222656e+00 -1.952951049804687500e+01
1.355471849441528320e+00 -1.602204132080078125e+01
-5.604121208190917969e+00 1.316891789436340332e+00
-1.109013915061950684e+00 1.170860648155212402e+00
-6.842499256134033203e+00 -2.236723327636718750e+01
-2.002956569194793701e-01 -6.507749557495117188e+00
-5.127378463745117188e+00 1.288185119628906250e+01
1.612994766235351562e+01 1.075635528564453125e+01
-1.088164687156677246e+00 1.153014564514160156e+01
-1.933950805664062500e+01 -9.229118347167968750e+00
1.361941432952880859e+01 -5.962374210357666016e+00
1.237772941589355469e+00 1.997082328796386719e+01
5.897680282592773438e+00 -1.239153099060058594e+01
1.968874549865722656e+01 -6.145889759063720703e-01
-1.058696985244750977e+00 -1.425581359863281250e+01
-5.370371818542480469e+00 -1.009100818634033203e+01
1.004146480560302734e+01 8.642112016677856445e-01
1.538022905588150024e-01 1.340560722351074219e+01
3.160292863845825195e+00 1.315559959411621094e+01
-8.328908085823059082e-01 1.117475032806396484e+01
-2.732306671142578125e+01 -6.267756938934326172e+00
1.000452041625976562e+00 6.446798324584960938e+00
9.472838401794433594e+00 7.476315498352050781e+00
-1.322424650192260742e+00 -1.867169857025146484e+00
-1.439561271667480469e+01 -9.637334823608398438e+00
-4.550079345703125000e+00 8.380207061767578125e+00
1.013343620300292969e+01 -4.612109065055847168e-01
-5.618242263793945312e+00 9.010740280151367188e+00
1.351703739166259766e+01 1.748954772949218750e+00
-8.045611381530761719e+00 -9.932000160217285156e+00
1.618451499938964844e+01 -1.506732845306396484e+01
-8.209853172302246094e-01 4.814406484365463257e-02
2.152804183959960938e+01 -8.172737121582031250e+00
-1.186124992370605469e+01 1.860837745666503906e+01
1.118511390686035156e+01 1.454301595687866211e+00
-3.310801029205322266e+00 6.236152172088623047e+00
9.381007194519042969e+00 6.799294948577880859e-01
-4.651484966278076172e+00 3.280093669891357422e+00
4.098053932189941406e+00 -1.173853874206542969e+01
6.713756561279296875e+00 1.626450419425964355e+00
1.165081787109375000e+01 1.699372100830078125e+01
5.849502086639404297e+00 1.941254615783691406e+01
-3.423622608184814453e+00 -3.620042324066162109e+00
1.844900727272033691e+00 -6.242714881896972656e+00
-2.663220977783203125e+01 3.297296047210693359e+00
-1.266493415832519531e+01 -1.058357334136962891e+01
-3.846473217010498047e+00 2.900395154953002930e+00
-7.151065349578857422e+00 4.095392227172851562e+00
-1.018636703491210938e+00 3.706142902374267578e+00
2.252323341369628906e+01 -9.867547988891601562e+00
1.321951961517333984e+01 5.916804313659667969e+00
-1.728414535522460938e+01 1.875049781799316406e+01
-9.603625297546386719e+00 -6.230011940002441406e+00
-1.009376049041748047e+01 1.447790050506591797e+01
-5.091610908508300781e+00 -4.278354167938232422e+00
1.818952941894531250e+01 -7.142239570617675781e+00
4.712859153747558594e+00 -1.380907440185546875e+01
-9.075144767761230469e+00 -1.064833450317382812e+01
2.139967918395996094e+00 2.053736686706542969e+01
-1.183305168151855469e+01 -1.604041099548339844e+00
1.755096244812011719e+01 -6.672236442565917969e+00
-3.694340705871582031e+00 -4.219028949737548828e+00
-3.584151268005371094e-01 1.776960134506225586e+00
-8.655492067337036133e-01 -7.409386157989501953e+00
-1.798883199691772461e+00 6.240177631378173828e+00
-1.433063626289367676e+00 -1.197000312805175781e+01
2.370683860778808594e+01 1.130198478698730469e+01
-1.024001502990722656e+01 -1.256499290466308594e+01
-1.370152091979980469e+01 -7.653033256530761719e+00
6.445265293121337891e+00 -6.749529838562011719e+00
-1.809907913208007812e+01 1.700132012367248535e+00
6.201219558715820312e+00 -1.201776313781738281e+01
-8.947673797607421875e+00 1.545312881469726562e+01
2.381166458129882812e+00 1.088153457641601562e+01
-3.032413482666015625e+00 2.245609283447265625e+00
1.930774116516113281e+01 -5.146193981170654297e+00
-1.897730255126953125e+01 4.027804851531982422e+00
4.898057460784912109e+00 3.403279542922973633e+00
-1.502972412109375000e+01 1.310083961486816406e+01
1.251325702667236328e+01 -7.522708177566528320e-01
9.835470199584960938e+00 1.969891309738159180e+00
-2.645969152450561523e+00 -4.186407566070556641e+00
-8.352195739746093750e+00 -8.698473930358886719e+00
1.068598270416259766e+01 -1.767448616027832031e+01
-1.268707847595214844e+01 -1.333011150360107422e+01
-8.141674041748046875e+00 4.964896202087402344e+00
5.067098140716552734e+00 -1.335819244384765625e+01
-9.725752830505371094e+00 6.469449996948242188e+00
-1.206364536285400391e+01 7.663736343383789062e+00
1.396833229064941406e+01 5.791277885437011719e+00
-6.473942756652832031e+00 7.422255516052246094e+00
7.247960567474365234e+00 3.065137565135955811e-01
-1.781698608398437500e+01 -8.879349231719970703e-01
-9.032801628112792969e+00 5.288262963294982910e-01
-3.465520739555358887e-01 -2.000824928283691406e+00
-7.757673740386962891e+00 -1.563129043579101562e+01
-7.689346313476562500e+00 1.026313781738281250e+01
-4.999848842620849609e+00 -1.091774463653564453e+00
-4.108512878417968750e+00 -2.440181016921997070e+00
3.038430213928222656e+01 1.692465972900390625e+01
-2.040914154052734375e+01 1.042483806610107422e+00
1.145280933380126953e+01 2.350232696533203125e+01
1.245348334312438965e+00 1.218298149108886719e+01
-4.479641437530517578e+00 4.402320861816406250e+00
9.514060974121093750e+00 1.942968559265136719e+01
1.473386859893798828e+01 -6.033119201660156250e+00
-2.911143112182617188e+01 -1.287661170959472656e+01
1.867095756530761719e+01 -1.075779724121093750e+01
-4.432820796966552734e+00 2.469770622253417969e+01
5.423650741577148438e+00 -1.885650873184204102e+00
4.100461959838867188e+00 -1.957045316696166992e+00
7.524438381195068359e+00 -1.225017070770263672e+00
-1.256693077087402344e+01 1.277583986520767212e-01
-6.531998634338378906e+00 -8.562627792358398438e+00
5.552315235137939453e+00 -7.791706085205078125e+00
4.463258743286132812e+00 -4.968674182891845703e+00
-4.603706598281860352e-01 -1.018172168731689453e+01
8.311649322509765625e+00 1.793940734863281250e+01
-3.865856647491455078e+00 7.336787223815917969e+00
1.378270912170410156e+01 -5.997410297393798828e+00
-9.785840988159179688e+00 -7.242904663085937500e+00
-2.678833246231079102e+00 -1.433967351913452148e+00
1.070121288299560547e+01 8.898244857788085938e+00
3.567392349243164062e+00 -4.281140804290771484e+00
-1.845986938476562500e+01 -4.618773937225341797e+00
-4.128286838531494141e+00 -5.527999401092529297e+00
-1.027141189575195312e+01 3.462175130844116211e+00
8.040256500244140625e+00 -8.584922790527343750e+00
-3.018291473388671875e+01 5.298292636871337891e+00
-1.997543144226074219e+01 -1.222177982330322266e+00
5.152981281280517578e+00 3.231379985809326172e+00
-7.921166419982910156e+00 8.551999092102050781e+00
-1.595850372314453125e+01 7.014586925506591797e+00
6.073730468750000000e+00 4.579722404479980469e+00
-1.515478706359863281e+01 -1.047309494018554688e+01
2.536699295043945312e+00 -1.082402706146240234e+01
1.560244083404541016e+00 5.484678745269775391e-01
-1.039878368377685547e+01 -1.287889575958251953e+01
7.254467010498046875e+00 -6.115107059478759766e+00
1.184033584594726562e+01 -1.962168121337890625e+01
3.195732831954956055e+00 1.291941285133361816e+00
-8.611116409301757812e+00 -1.940242052078247070e+00
-3.164594650268554688e+00 5.689259529113769531e+00
-2.185221195220947266e+00 -2.164290904998779297e+00
6.860914707183837891e+00 -1.289517211914062500e+01
2.437372684478759766e+00 1.204230880737304688e+01
6.794974803924560547e+00 2.211364269256591797e+00
-1.362062358856201172e+01 -1.979391479492187500e+01
-7.810175418853759766e+00 2.601062059402465820e+00
-2.786191463470458984e+00 5.746825218200683594e+00
8.355449676513671875e+00 -5.465252876281738281e+00
-9.384672164916992188e+00 1.495207786560058594e+01
-2.834250450134277344e+00 -4.174701690673828125e+00
-2.517990875244140625e+01 1.330987930297851562e+00
1.002169799804687500e+01 1.661453819274902344e+01
-5.559980869293212891e+00 1.633785843849182129e+00
6.515264987945556641e+00 1.581823348999023438e+01
2.356401824951171875e+01 -2.445858001708984375e+01
-5.317449092864990234e+00 -2.004949569702148438e+00
7.353592395782470703e+00 -1.156503295898437500e+01
-3.643481492996215820e+00 5.304930686950683594e+00
1.287650012969970703e+01 1.007287979125976562e+01
-7.116806983947753906e+00 1.551689720153808594e+01
1.507626724243164062e+01 -6.136474132537841797e+00
-1.046398067474365234e+01 -2.064855194091796875e+01
-1.549591255187988281e+01 -1.133591556549072266e+01
-1.030668067932128906e+01 -1.697653830051422119e-01
2.779937982559204102e+00 -1.965604209899902344e+01
2.376176643371582031e+01 5.152986526489257812e+00
1.051867103576660156e+01 -5.699059486389160156e+00
-1.418352127075195312e+00 1.887396097183227539e+00
1.282569122314453125e+01 -1.575894165039062500e+01
8.639804840087890625e+00 1.210384845733642578e+01
2.116006660461425781e+01 -1.348086357116699219e+01
-5.623827457427978516e+00 -1.247592830657958984e+01
8.393076062202453613e-01 3.056857109069824219e+00
9.322965741157531738e-01 -7.094143867492675781e+00
6.249685287475585938e+00 8.311523437500000000e+00
1.127407073974609375e+01 1.341885566711425781e+00
1.141209983825683594e+01 1.964991569519042969e+01
3.245700597763061523e+00 -3.170919656753540039e+00
7.302098274230957031e-01 4.944654703140258789e-01
-2.698314487934112549e-01 -1.827147603034973145e+00
-1.100805473327636719e+01 4.294753670692443848e-01
-1.377013206481933594e+01 1.008089542388916016e+01
-1.616234064102172852e+00 9.428376197814941406e+00
4.886074066162109375e+00 1.976518511772155762e+00
6.617646217346191406e+00 -2.195991516113281250e+00
-4.668894767761230469e+00 -2.340467643737792969e+01
3.714914560317993164e+00 -6.906204223632812500e+00
-1.452841162681579590e+00 -4.554260730743408203e+00
1.845439529418945312e+01 -3.343826532363891602e+00
-1.410848140716552734e+01 -1.558166885375976562e+01
5.638638019561767578e+00 9.896940231323242188e+00
9.480928421020507812e+00 -9.907869338989257812e+00
-2.154726505279541016e+00 -3.106397628784179688e+00
-1.500402069091796875e+01 -5.964344024658203125e+00
1.045468711853027344e+01 9.278069496154785156e+00
-1.020149612426757812e+01 -1.005884289741516113e+00
6.880360603332519531e+00 -1.650672531127929688e+01
-4.536987304687500000e+00 7.508938312530517578e+00
-6.279697895050048828e+00 -7.488429069519042969e+00
-8.895277023315429688e+00 8.578557014465332031e+00
5.753868103027343750e+00 1.087958145141601562e+01
-1.408988380432128906e+01 -1.334057426452636719e+01
-2.726929783821105957e-01 7.327018260955810547e+00
-1.453211784362792969e+01 1.011971378326416016e+01
-5.270860195159912109e+00 8.685036659240722656e+00
-1.425391316413879395e+00 -1.994564628601074219e+01
9.859760284423828125e+00 9.536574363708496094e+00
-7.116459846496582031e+00 -1.893190765380859375e+01
-1.096613883972167969e+01 -1.036010861396789551e+00
-4.336537837982177734e+00 -1.539222717285156250e+01
2.229825735092163086e+00 2.680019378662109375e+00
1.040414428710937500e+01 -9.825737953186035156e+00
-7.160279750823974609e-01 -1.916135072708129883e+00
-1.564480209350585938e+01 9.049954414367675781e+00
6.924539089202880859e+00 5.123147010803222656e+00
2.237661838531494141e+00 4.204378604888916016e+00
3.988773345947265625e+00 -2.136924505233764648e+00
-8.131100654602050781e+00 -1.742669868469238281e+01
-3.723406553268432617e+00 -6.979367256164550781e+00
-3.607794046401977539e+00 -4.253454208374023438e+00
1.172127723693847656e+01 2.760709762573242188e+00
1.677481842041015625e+01 -6.184824943542480469e+00
1.561508083343505859e+01 6.080806732177734375e+00
1.155385589599609375e+01 4.146147727966308594e+00
-9.227434158325195312e+00 1.426607990264892578e+01
-6.213607311248779297e+00 -1.312569999694824219e+01
1.104747772216796875e+01 7.307397842407226562e+00
4.545225143432617188e+00 -1.224557876586914062e+00
3.516358733177185059e-01 4.792901039123535156e+00
-1.204823398590087891e+01 -4.949926853179931641e+00
-3.645365238189697266e+00 -1.084460830688476562e+01
-9.039244651794433594e+00 -1.301848602294921875e+01
-8.590972900390625000e+00 -9.685613632202148438e+00
5.642666339874267578e+00 2.796824455261230469e+00
5.181058883666992188e+00 1.875494003295898438e+01
-4.806493282318115234e+00 1.225273609161376953e+01
-5.940728187561035156e+00 -3.486196994781494141e+00
-1.031980609893798828e+01 -2.163904190063476562e+00
1.729485321044921875e+01 -4.708403587341308594e+00
2.212295532226562500e+01 -2.207012367248535156e+01
-6.056100845336914062e+00 -1.088002395629882812e+01
5.452757835388183594e+00 -1.035359191894531250e+01
-1.388459396362304688e+01 1.475341892242431641e+01
-7.908757209777832031e+00 -2.146018791198730469e+01
-3.337944507598876953e+00 3.150029420852661133e+00
1.032049179077148438e+01 1.433275794982910156e+01
4.575605392456054688e+00 4.418260097503662109e+00
-8.234869003295898438e+00 9.704877853393554688e+00
9.476986885070800781e+00 1.150330543518066406e+01
-2.190012216567993164e+00 -1.064806878566741943e-01
-2.964307308197021484e+00 -2.631210088729858398e+00
-1.284800720214843750e+01 -7.148856163024902344e+00
3.085314750671386719e+00 1.394301319122314453e+01
-5.140119075775146484e+00 -9.818655967712402344e+00
2.609408855438232422e+00 8.021372795104980469e+00
1.175837516784667969e+01 -3.394232273101806641e+00
5.123774528503417969e+00 -2.836165189743041992e+00
1.517426252365112305e+00 7.965703010559082031e+00
-3.611028671264648438e+00 1.078667068481445312e+01
-6.702129840850830078e+00 -1.530755519866943359e+01
7.101115703582763672e+00 -5.242325782775878906e+00
-8.731461524963378906e+00 1.889528989791870117e+00
9.399618148803710938e+00 -5.503449440002441406e+00
1.078941535949707031e+01 1.056126213073730469e+01
-2.898707628250122070e+00 3.362701416015625000e+00
-1.400312232971191406e+01 -1.769806671142578125e+01
-1.245780086517333984e+01 8.706542968750000000e+00
1.249832153320312500e+00 8.765388488769531250e+00
4.312876224517822266e+00 9.131458282470703125e+00
2.623962593078613281e+01 2.634996795654296875e+01
-8.920990943908691406e+00 -1.068586349487304688e+01
-9.618145942687988281e+00 9.344539642333984375e+00
5.320508003234863281e+00 4.150240421295166016e+00
-5.599674224853515625e+00 -6.349461555480957031e+00
7.807511329650878906e+00 -1.769048881530761719e+01
4.386857986450195312e+00 1.106383895874023438e+01
1.545780754089355469e+01 -1.856859588623046875e+01
-4.688111245632171631e-01 -6.778505325317382812e+00
-3.937084913253784180e+00 -2.107182025909423828e+00
-6.537989616394042969e+00 3.661808729171752930e+00
1.307618045806884766e+01 2.918851137161254883e+00
5.655768394470214844e+00 -7.056156158447265625e+00
8.166185379028320312e+00 2.546138381958007812e+01
-3.021060466766357422e+00 6.058038711547851562e+00
3.497305393218994141e+00 5.303531169891357422e+00
-7.808811187744140625e+00 -2.356564760208129883e+00
-5.636958599090576172e+00 -1.521835136413574219e+01
-8.143200874328613281e+00 1.234004259109497070e+00
2.835412025451660156e-01 7.249797821044921875e+00
1.033960819244384766e+00 1.009970188140869141e+01
-7.052819252014160156e+00 -6.809179782867431641e-01
8.250041007995605469e+00 1.498679161071777344e+01
1.054881191253662109e+01 1.644531726837158203e+00
-1.344793796539306641e+01 -1.436100769042968750e+01
3.343317747116088867e+00 1.689810276031494141e+00
-5.640370845794677734e+00 -1.859215497970581055e+00
-1.178504562377929688e+01 -4.980480194091796875e+00
2.774001693725585938e+01 -2.029286861419677734e+00
7.351591587066650391e+00 -1.251412963867187500e+01
2.389689922332763672e+00 2.101641845703125000e+01
-6.271641731262207031e+00 -5.098539352416992188e+00
-1.212482929229736328e+01 -2.454329490661621094e+00
-1.031982421875000000e+01 4.438786029815673828e+00
-1.889029312133789062e+01 1.072399139404296875e+01
-2.515018939971923828e+00 -3.483158111572265625e+00
3.265458583831787109e+00 4.051722049713134766e+00
-6.687812328338623047e+00 -1.095383405685424805e+00
9.012741088867187500e+00 3.319717407226562500e+00
1.438845443725585938e+01 -1.906199336051940918e+00
4.029821872711181641e+00 7.974401712417602539e-01
7.588834762573242188e+00 -2.095343112945556641e+00
-1.772489356994628906e+01 1.263928604125976562e+01
5.642070293426513672e+00 1.512325382232666016e+01
-8.460153579711914062e+00 1.328735542297363281e+01
-1.074083232879638672e+01 -1.082220649719238281e+01
-6.398127079010009766e+00 -9.232118606567382812e+00
-2.974596261978149414e+00 -1.204644298553466797e+01
1.614362525939941406e+01 -1.071842384338378906e+01
-7.205022573471069336e-01 -1.346567535400390625e+01
7.669233322143554688e+00 -1.865274047851562500e+01
-1.400263214111328125e+01 1.512095451354980469e+01
-1.180735015869140625e+01 -5.787317276000976562e+00
-2.686032104492187500e+01 -1.219786167144775391e+00
-9.276224136352539062e+00 1.641999816894531250e+01
1.071099662780761719e+01 1.352940559387207031e+01
8.374575614929199219e+00 -5.110589027404785156e+00
-1.013463497161865234e+01 8.173932075500488281e+00
-1.542395949363708496e+00 -1.589308738708496094e+00
1.745272254943847656e+01 1.333043479919433594e+01
-1.558941745758056641e+01 9.868948459625244141e-01
1.459073925018310547e+01 -2.594219207763671875e+00
5.515213966369628906e+00 -1.034062504768371582e+00
-7.213094234466552734e+00 -6.306972026824951172e+00
1.092734813690185547e+01 -1.350908041000366211e+00
4.084831237792968750e+00 1.613914370536804199e+00
-1.446309947967529297e+01 1.250269412994384766e+01
2.253817367553710938e+01 6.493199348449707031e+00
-2.705012321472167969e+01 -1.961023092269897461e+00
9.215514183044433594e+00 -6.559062004089355469e+00
-7.617857933044433594e+00 -2.945409774780273438e+00
-1.623917388916015625e+01 1.871580886840820312e+01
2.433847236633300781e+01 8.080221176147460938e+00
-6.525868892669677734e+00 6.440875530242919922e+00
-1.664246916770935059e+00 -1.303385257720947266e+01
6.312446594238281250e+00 4.987371921539306641e+00
5.934541702270507812e+00 4.224752426147460938e+00
-1.369747543334960938e+01 -6.341498374938964844e+00
2.150839328765869141e+00 4.262202262878417969e+00
-3.725628376007080078e+00 -1.535709190368652344e+01
9.827639579772949219e+00 -1.034800338745117188e+01
1.806868195533752441e+00 8.458781242370605469e+00
-8.749145507812500000e+00 2.824319458007812500e+01
1.142693519592285156e+01 -1.465198326110839844e+01
6.189589500427246094e+00 2.602783584594726562e+01
-1.446598434448242188e+01 3.419550418853759766e+00
-3.484959125518798828e+00 -8.213072776794433594e+00
-1.034031105041503906e+01 -9.965003967285156250e+00
2.892452430725097656e+01 6.535227298736572266e+00
6.025685787200927734e+00 -4.252541542053222656e+00
-2.958779144287109375e+01 5.679571151733398438e+00
1.252129459381103516e+01 3.874869644641876221e-01
1.415775680541992188e+01 -5.079277992248535156e+00
-1.167495369911193848e+00 -1.016333580017089844e+01
-9.950207710266113281e+00 -1.119509506225585938e+01
8.521886825561523438e+00 -1.897441744804382324e+00
1.236819863319396973e+00 5.525315284729003906e+00
-7.696120738983154297e+00 -1.458106899261474609e+01
-1.083448028564453125e+01 -3.247677981853485107e-01
3.948667526245117188e+00 -1.419106483459472656e+00
1.433459758758544922e+00 2.030157148838043213e-01
1.296366691589355469e+01 -1.072958564758300781e+01
4.011563777923583984e+00 7.087595462799072266e+00
-5.529533386230468750e+00 2.689800500869750977e+00
7.150574684143066406e+00 2.343948841094970703e+00
-1.509190940856933594e+01 1.588292598724365234e+01
1.332452893257141113e-02 -5.773150920867919922e+00
8.454951286315917969e+00 2.924012899398803711e+00
6.853638172149658203e+00 -8.022974967956542969e+00
1.433833539485931396e-01 -7.904270887374877930e-01
3.707518100738525391e+00 3.954636096954345703e+00
-6.433858871459960938e+00 2.785334587097167969e+01
-1.307429313659667969e+01 1.093880271911621094e+01
-5.058362007141113281e+00 -9.477110862731933594e+00
3.054191827774047852e+00 -2.248213195800781250e+01
8.959210515022277832e-01 1.486205482482910156e+01
3.364930152893066406e+00 -1.637171626091003418e+00
4.082758426666259766e+00 7.253787994384765625e+00
-9.359677314758300781e+00 1.291385173797607422e+01
1.816909909248352051e+00 2.070336914062500000e+01
-4.621088206768035889e-01 3.625952243804931641e+00
-4.195571899414062500e+00 -9.399450421333312988e-01
-1.446346640586853027e+00 8.696974754333496094e+00
-1.055472469329833984e+01 3.203221130371093750e+01
-2.250189065933227539e+00 -2.994269371032714844e+00
-6.417564868927001953e+00 3.935489654541015625e+00
3.709123373031616211e+00 -6.468996047973632812e+00
-2.579691648483276367e+00 1.166563987731933594e+01
-4.633215427398681641e+00 -3.013025522232055664e+00
1.074895739555358887e+00 4.948873519897460938e+00
-7.964619994163513184e-01 1.232167816162109375e+01
-3.579696178436279297e+00 6.712388992309570312e+00
-1.089856719970703125e+01 -2.560654163360595703e+00
1.329648876190185547e+01 4.199677467346191406e+00
1.778521156311035156e+01 -1.341257572174072266e+00
1.080538153648376465e+00 1.996920204162597656e+01
-7.864064693450927734e+00 5.968436598777770996e-02
-4.362492084503173828e+00 1.160994720458984375e+01
-4.772357463836669922e+00 -1.908757400512695312e+01
-1.706140756607055664e+00 1.182603263854980469e+01
-5.599352836608886719e+00 -1.158230686187744141e+01
6.584525108337402344e+00 -5.715775966644287109e+00
-1.937347412109375000e+01 -1.258895111083984375e+01
-5.716414451599121094e+00 -1.409932231903076172e+01
2.046369361877441406e+01 -1.292754364013671875e+01
-1.333363533020019531e+01 1.574996829032897949e+00
1.562566280364990234e+01 1.097402381896972656e+01
-8.366481781005859375e+00 -9.712410926818847656e+00
-2.216417312622070312e+00 -1.249390125274658203e+01
5.862010955810546875e+00 -2.448816299438476562e+00
-1.389421844482421875e+01 -1.290930652618408203e+01
5.093924522399902344e+00 -6.500292778015136719e+00
-1.951705217361450195e+00 2.291936635971069336e+00
3.694419860839843750e-01 -1.786501121520996094e+01
-8.860749006271362305e-01 5.402791976928710938e+00
-1.450688362121582031e+01 -1.787398910522460938e+01
-2.855931282043457031e+00 2.904088735580444336e+00
-1.069356727600097656e+01 -2.020343780517578125e+00
-1.240676498413085938e+01 -6.439077377319335938e+00
1.607531547546386719e+00 3.230149984359741211e+00
-8.011311531066894531e+00 -6.389168739318847656e+00
5.020783424377441406e+00 1.790665817260742188e+01
-1.982379078865051270e+00 -8.959106445312500000e+00
1.262095069885253906e+01 -4.763350009918212891e+00
3.884589195251464844e+00 5.287795066833496094e+00
4.297324717044830322e-01 -1.248604774475097656e+01
-6.351898193359375000e+00 1.360053539276123047e+01
-1.803300094604492188e+01 5.486657142639160156e+00
2.682924270629882812e+00 -4.760974884033203125e+00
9.741688728332519531e+00 5.743000030517578125e+00
1.910754776000976562e+01 -1.271891975402832031e+01
1.120775604248046875e+01 -7.637701988220214844e+00
1.049458408355712891e+01 -1.396268081665039062e+01
8.096140861511230469e+00 -5.114863395690917969e+00
2.292838096618652344e+00 1.208455848693847656e+01
1.157195568084716797e+01 -6.978148460388183594e+00
-1.601973724365234375e+01 -2.970315456390380859e+00
-2.373251199722290039e+00 -1.775210952758789062e+01
4.988413751125335693e-01 -1.540935134887695312e+01
-3.198201179504394531e+00 9.883860588073730469e+00
8.171107292175292969e+00 1.744153213500976562e+01
7.687633037567138672e+00 -9.017383575439453125e+00
-1.522008776664733887e+00 9.844021797180175781e-01
2.740807056427001953e+00 -5.278689861297607422e+00
6.429705619812011719e+00 5.046909451484680176e-01
1.546821403503417969e+01 -4.810784339904785156e+00
-1.347995567321777344e+01 -1.382081031799316406e+01
9.641107559204101562e+00 1.698147392272949219e+01
-2.472141981124877930e+00 8.925639152526855469e+00
-3.438334465026855469e+00 -1.257206439971923828e+01
6.941216468811035156e+00 1.572345346212387085e-01
-7.659545898437500000e+00 -1.347691154479980469e+01
1.744558691978454590e+00 1.315411090850830078e+01
1.101807117462158203e+01 1.148373699188232422e+01
-4.607018530368804932e-01 7.556308746337890625e+00
1.656295585632324219e+01 -1.395983791351318359e+01
4.016619920730590820e-01 1.879097461700439453e+00
-1.825154113769531250e+01 5.403807163238525391e+00
3.742944240570068359e+00 -1.480627536773681641e+01
-1.249435305595397949e+00 9.601815223693847656e+00
3.041316270828247070e+00 -1.433467268943786621e+00
2.370927333831787109e+00 -1.277814769744873047e+01
-7.594501495361328125e+00 -1.211611175537109375e+01
-6.621195077896118164e-01 -1.524630904197692871e+00
3.394741773605346680e+00 -1.001864242553710938e+01
-1.480372810363769531e+01 1.270107746124267578e+01
1.696403694152832031e+01 1.500654220581054688e+00
1.777661144733428955e-01 1.671101927757263184e+00
-2.955152988433837891e+00 -8.768133163452148438e+00
-1.491650962829589844e+01 -1.200794601440429688e+01
9.970170259475708008e-01 2.469688606262207031e+01
5.688048362731933594e+00 -1.311390495300292969e+01
-4.556926727294921875e+00 4.253321170806884766e+00
-7.855748176574707031e+00 -1.029999136924743652e+00
-1.738494682312011719e+01 -2.593246269226074219e+01
6.934024810791015625e+00 -3.606836557388305664e+00
-6.399040222167968750e+00 -1.866455078125000000e+01
-1.538261604309082031e+01 -7.080852508544921875e+00
1.038070583343505859e+01 -9.616159439086914062e+00
-5.403333187103271484e+00 2.903378009796142578e+00
2.905091285705566406e+00 1.221750736236572266e+01
9.392677992582321167e-02 -9.639533996582031250e+00
1.776989936828613281e+01 -5.476898670196533203e+00
-2.084113693237304688e+01 2.205126523971557617e+00
-2.728811264038085938e+00 2.497239351272583008e+00
-7.706299781799316406e+00 1.364264678955078125e+01
-2.223029136657714844e+01 -9.459487915039062500e+00
-3.314599752426147461e+00 -3.971857786178588867e+00
5.564580917358398438e+00 3.161746978759765625e+00
-3.147088050842285156e+00 5.562997341156005859e+00
1.916193771362304688e+01 -3.801922321319580078e+00
-1.156915855407714844e+01 -7.246589183807373047e+00
5.300250053405761719e+00 -7.802387237548828125e+00
1.290198230743408203e+01 -1.421848773956298828e+01
-1.375481963157653809e+00 6.534390449523925781e+00
4.139367341995239258e-01 5.236192226409912109e+00
-8.209613800048828125e+00 -2.242912101745605469e+01
8.057881355285644531e+00 8.816804885864257812e+00
-3.931859493255615234e+00 1.149525547027587891e+01
1.857727241516113281e+01 -1.916893959045410156e+00
-5.606624603271484375e+00 1.414208984375000000e+01
3.156014680862426758e+00 4.979085445404052734e+00
1.090334033966064453e+01 7.683503150939941406e+00
6.730465888977050781e+00 -8.055166244506835938e+00
-1.618196296691894531e+01 2.455397796630859375e+01
4.897613525390625000e+00 -1.116891765594482422e+01
7.802445888519287109e+00 -1.066726112365722656e+01
1.193219184875488281e+00 3.743120193481445312e+00
1.614621353149414062e+01 -2.290710449218750000e+01
2.736561775207519531e+00 7.774486064910888672e+00
2.499950885772705078e+00 2.336496829986572266e+00
-2.071146011352539062e+00 -1.326045513153076172e+01
-1.712549018859863281e+01 -9.803137779235839844e-01
-2.216349792480468750e+01 -1.462062835693359375e+01
1.507698416709899902e+00 4.984486103057861328e+00
1.583896255493164062e+01 1.211886405944824219e+01
-2.655494213104248047e+00 2.017432403564453125e+01
2.698647499084472656e+00 -2.676702737808227539e+00
-1.397459983825683594e+00 -3.490452527999877930e+00
-5.334867164492607117e-02 -2.998070716857910156e+00
-9.966780662536621094e+00 -2.260443687438964844e+00
6.229962348937988281e+00 -2.049721717834472656e+00
-3.492429494857788086e+00 4.546436965465545654e-01
-8.901307359337806702e-03 -7.570161819458007812e+00
-1.185756683349609375e+01 -5.683428764343261719e+00
1.336270809173583984e+00 -1.172692298889160156e+01
-2.178045034408569336e+00 -1.659915733337402344e+01
-1.381744027137756348e+00 -6.417411804199218750e+00
1.078123855590820312e+01 5.211727619171142578e+00
-9.714975357055664062e+00 -7.684726238250732422e+00
9.132443428039550781e+00 -2.922636508941650391e+00
-2.969172000885009766e+00 6.738795757293701172e+00
3.505243062973022461e-01 1.262445545196533203e+01
3.833914279937744141e+00 5.326724529266357422e+00
-1.588080501556396484e+01 -7.209296703338623047e+00
1.372870445251464844e+01 -1.118077373504638672e+01
-5.166835308074951172e+00 -4.825452804565429688e+00
3.168658733367919922e+00 8.531501770019531250e+00
-1.535951519012451172e+01 2.017250061035156250e+00
1.037651634216308594e+01 9.967169761657714844e+00
1.065272712707519531e+01 1.355957031250000000e+01
-5.393235206604003906e+00 1.342526340484619141e+01
3.109242916107177734e+00 2.505794763565063477e+00
1.058665370941162109e+01 -6.165157318115234375e+00
6.756447792053222656e+00 -2.997931480407714844e+00
9.722873687744140625e+00 -3.297152280807495117e+00
6.802852630615234375e+00 6.998991012573242188e+00
4.812044143676757812e+00 2.264838218688964844e+00
-2.206204986572265625e+01 3.898822307586669922e+00
-4.552834033966064453e+00 -1.712978005409240723e+00
-8.373029708862304688e+00 -3.963296413421630859e-01
1.115622425079345703e+01 -1.922434616088867188e+01
-2.724946498870849609e+00 -1.457789182662963867e+00
8.517038345336914062e+00 3.603619575500488281e+00
2.675434589385986328e+00 1.101398468017578125e+01
-8.133509635925292969e+00 8.713890075683593750e+00
-7.620503902435302734e+00 2.087397575378417969e+00
4.787235260009765625e+00 3.921864926815032959e-02
-6.323036670684814453e+00 -1.906116676330566406e+01
-3.336605072021484375e+00 -9.829354286193847656e-01
-7.432338714599609375e+00 1.503638076782226562e+01
1.011376476287841797e+01 7.226222157478332520e-01
-1.292620277404785156e+01 -3.683688879013061523e+00
-6.899098873138427734e+00 -2.349916934967041016e+00
-6.612249374389648438e+00 7.650470137596130371e-01
-1.038751506805419922e+01 7.407927513122558594e+00
-1.346004128456115723e+00 -2.144968032836914062e+00
-9.905446052551269531e+00 2.273479938507080078e+00
2.264160871505737305e+00 -1.953889083862304688e+01
-3.816905021667480469e+00 -8.129522323608398438e+00
1.036201572418212891e+01 3.622074604034423828e+00
6.976897239685058594e+00 -2.056581687927246094e+01
1.619598984718322754e+00 5.938408851623535156e+00
-6.234871745109558105e-01 -3.898582696914672852e+00
-6.726650238037109375e+00 2.367713689804077148e+00
1.255237460136413574e+00 -3.555019378662109375e+00
5.886340618133544922e+00 6.745410919189453125e+00
-8.033905029296875000e+00 -3.141966342926025391e+00
-1.622734451293945312e+01 7.982857704162597656e+00
-1.549129104614257812e+01 -7.854520797729492188e+00
-9.207530975341796875e+00 3.013402223587036133e+00
2.228672218322753906e+01 2.819279479980468750e+01
-9.619945526123046875e+00 -3.681669712066650391e+00
-6.671677589416503906e+00 -1.406187152862548828e+01
-1.770009803771972656e+01 1.410385036468505859e+01
6.453394412994384766e+00 2.303714370727539062e+01
-7.718729972839355469e+00 -7.068567276000976562e-01
-3.198839426040649414e+00 -1.670429420471191406e+01
1.918178176879882812e+01 -3.796233654022216797e+00
-1.337429141998291016e+01 8.418411254882812500e+00
2.164124250411987305e-01 -5.296446800231933594e+00
2.385918855667114258e+00 -1.036016559600830078e+01
7.964367866516113281e+00 -1.342795944213867188e+01
6.140240281820297241e-02 -7.376007080078125000e+00
-1.177966213226318359e+01 1.423297166824340820e+00
-2.321469497680664062e+01 -5.525659561157226562e+00
1.613135719299316406e+01 2.163241577148437500e+01
-9.221154212951660156e+00 9.605411529541015625e+00
-9.982158660888671875e+00 -1.945605993270874023e+00
-2.071115303039550781e+01 -7.119307518005371094e+00
1.998776626586914062e+01 1.014306163787841797e+01
-4.880629062652587891e+00 -2.199437713623046875e+01
1.049738693237304688e+01 -9.178932189941406250e+00
-4.334151744842529297e+00 6.568747043609619141e+00
1.332241153717041016e+01 1.146694660186767578e+01
6.772978305816650391e+00 9.718517303466796875e+00
6.004471778869628906e-01 -1.428155136108398438e+01
1.074085712432861328e+01 -6.193981647491455078e+00
7.207326412200927734e+00 5.258414268493652344e+00
3.660854101181030273e+00 -1.987155532836914062e+01
2.699407577514648438e+01 9.429986000061035156e+00
-1.807013320922851562e+01 -2.399290466308593750e+01
-5.276167869567871094e+00 5.225048542022705078e+00
-3.492993831634521484e+00 -1.077251553535461426e+00
-1.032831954956054688e+01 -1.531183958053588867e+00
-1.172892951965332031e+01 -6.382543563842773438e+00
9.780922889709472656e+00 -9.423460960388183594e+00
1.137708544731140137e+00 6.570945739746093750e+00
1.301649284362792969e+01 -1.471011066436767578e+01
2.036085367202758789e+00 2.279361724853515625e+00
-1.139562368392944336e+00 -1.543866920471191406e+01
-1.510421276092529297e+00 5.310989379882812500e+00
-5.446229502558708191e-02 -7.143363952636718750e+00
1.513441681861877441e+00 1.932381272315979004e+00
6.083574771881103516e+00 7.533004283905029297e+00
-1.021973228454589844e+01 -2.895580530166625977e+00
1.158745861053466797e+01 -3.437356710433959961e+00
4.947417259216308594e+00 -1.036760425567626953e+01
-4.093474864959716797e+00 3.394989967346191406e+00
-9.900852203369140625e+00 3.205757617950439453e+00
3.124590396881103516e+00 -4.934940338134765625e+00
4.639341831207275391e+00 -1.171263313293457031e+01
-1.258759498596191406e+01 6.091495156288146973e-01
-9.680765151977539062e+00 -4.535952210426330566e-01
2.578249740600585938e+01 9.709431648254394531e+00
-3.575017929077148438e+00 1.227416038513183594e+01
-5.995655059814453125e+00 -9.478301048278808594e+00
1.236458420753479004e+00 -5.928168296813964844e-01
5.935902595520019531e+00 1.172022342681884766e+01
3.505313873291015625e+00 -5.200479507446289062e+00
2.705034971237182617e+00 2.825599670410156250e+01
3.491921186447143555e+00 -1.672628402709960938e+01
-4.741996765136718750e+00 1.189100265502929688e+00
1.024938488006591797e+01 1.943882226943969727e+00
4.836420059204101562e+00 1.148240852355957031e+01
4.441468238830566406e+00 -1.856800842285156250e+01
6.356492042541503906e+00 3.229267835617065430e+00
2.380372524261474609e+00 4.459657192230224609e+00
-3.855340719223022461e+00 1.236728191375732422e+00
1.026410007476806641e+01 -7.934867858886718750e+00
2.943902492523193359e+00 8.944690704345703125e+00
-2.467998981475830078e+00 -3.562959432601928711e+00
2.914815425872802734e+00 -2.587946355342864990e-01
-5.121564865112304688e+00 7.595001220703125000e+00
-2.601953744888305664e+00 -2.347557544708251953e+00
-1.510478210449218750e+01 -8.648817062377929688e+00
-6.250590324401855469e+00 -1.282900810241699219e+01
-8.699864387512207031e+00 1.456475162506103516e+01
3.789524841308593750e+01 9.912783503532409668e-01
1.849926829338073730e+00 3.205113172531127930e+00
4.425193786621093750e+00 -3.091720044612884521e-01
-9.679514884948730469e+00 -2.680574417114257812e+01
6.577338695526123047e+00 -1.434874629974365234e+01
9.838550567626953125e+00 1.120549297332763672e+01
-8.969638824462890625e+00 4.915871620178222656e-01
5.404696941375732422e+00 -1.601296234130859375e+01
1.213732242584228516e+01 -1.096992611885070801e+00
-6.027203083038330078e+00 -8.586076736450195312e+00
-7.428424835205078125e+00 -7.974653244018554688e+00
-6.375103950500488281e+00 4.868583679199218750e+00
2.575685977935791016e+00 -6.749693870544433594e+00
-1.299635887145996094e+01 -1.171800422668457031e+01
3.716602802276611328e+00 1.289272499084472656e+01
-3.958064079284667969e+00 -5.494981288909912109e+00
-4.693698406219482422e+00 1.069586372375488281e+01
-9.150636672973632812e+00 4.335732936859130859e+00
1.005019187927246094e+01 1.879349327087402344e+01
-1.242509269714355469e+01 1.035382270812988281e+01
-1.306111717224121094e+01 -8.801775932312011719e+00
-1.695569992065429688e+01 -4.575216770172119141e+00
5.256770133972167969e+00 -1.944313240051269531e+01
-5.627443790435791016e+00 5.072876811027526855e-01
-4.100419998168945312e+00 7.764823436737060547e+00
4.152302742004394531e+00 -1.033469438552856445e-01
1.787508249282836914e+00 1.348929214477539062e+01
-1.017201614379882812e+01 1.914268970489501953e+00
1.234424233436584473e+00 7.336649298667907715e-01
1.084500408172607422e+01 2.707324266433715820e+00
-8.792162895202636719e+00 -1.111338233947753906e+01
-1.452732086181640625e+01 -1.312674045562744141e+01
7.707010507583618164e-01 1.076138973236083984e+01
-5.766618251800537109e+00 6.046481132507324219e+00
4.235419273376464844e+00 5.147472381591796875e+00
2.096948623657226562e+01 1.768648743629455566e+00
-5.505195140838623047e+00 1.663129568099975586e+00
-2.605748653411865234e+00 1.842193412780761719e+01
-8.225291252136230469e+00 1.645270347595214844e+01
-2.178440093994140625e+01 1.904455757141113281e+01
-3.113355875015258789e+00 -1.166720294952392578e+01
4.872381687164306641e-01 4.184424400329589844e+00
1.969369697570800781e+01 -6.469048976898193359e+00
-2.379500198364257812e+01 -3.148386001586914062e+00
-1.380501556396484375e+01 6.540575504302978516e+00
4.143874168395996094e+00 -2.291957092285156250e+01
1.479994583129882812e+01 -1.348851966857910156e+01
-3.596450090408325195e-01 -1.093887805938720703e+01
8.366321563720703125e+00 1.942678642272949219e+01
3.215530872344970703e+00 -1.746895980834960938e+01
5.953676626086235046e-02 -7.693119525909423828e+00
-6.162989139556884766e+00 2.688980293273925781e+01
-1.881353378295898438e+01 -1.473190546035766602e+00
4.962495803833007812e+00 1.160127997398376465e+00
-2.456765651702880859e+00 4.674355506896972656e+00
-1.637672615051269531e+01 -1.252020359039306641e+00
1.286073112487792969e+01 -9.122086524963378906e+00
-1.963887453079223633e+00 1.181593036651611328e+01
-5.767458915710449219e+00 1.448235511779785156e+00
-5.156193256378173828e+00 3.103235960006713867e+00
3.454473972320556641e+00 -7.734131813049316406e+00
-1.906511878967285156e+01 2.014632701873779297e+00
-6.210805177688598633e-01 4.511687755584716797e+00
6.319904327392578125e+00 8.661420822143554688e+00
-4.375468254089355469e+00 -4.092351913452148438e+00
2.221090698242187500e+01 8.845900535583496094e+00
-1.160059165954589844e+01 5.323302745819091797e+00
9.907137870788574219e+00 8.175668716430664062e-01
-1.726256370544433594e+00 -1.306488513946533203e+01
3.599374294281005859e+00 1.358559799194335938e+01
3.995572566986083984e+00 -1.367186069488525391e+01
8.338614463806152344e+00 -1.786028289794921875e+01
4.198256015777587891e+00 5.126653194427490234e+00
1.265832901000976562e+01 2.075888156890869141e+00
-3.166316747665405273e+00 4.160696506500244141e+00
3.578484058380126953e+00 1.284605216979980469e+01
1.248707199096679688e+01 1.897369575500488281e+01
-3.005908966064453125e+00 -8.077604293823242188e+00
4.918674945831298828e+00 2.241285800933837891e+00
-6.923060119152069092e-02 -4.221546649932861328e-01
1.612623977661132812e+01 -5.538588047027587891e+00
1.447249794006347656e+01 1.307027339935302734e+01
6.639735698699951172e+00 9.053590774536132812e+00
1.825846862792968750e+01 -2.780295372009277344e+00
5.135087490081787109e+00 -1.023635482788085938e+01
-6.952269077301025391e+00 3.476787090301513672e+00
-8.219645023345947266e-01 -6.396569252014160156e+00
2.724632620811462402e-01 -2.170384645462036133e+00
-1.985140919685363770e+00 -6.899929523468017578e+00
7.655939579010009766e+00 -6.310708045959472656e+00
7.975425720214843750e+00 -1.292367935180664062e+01
-1.105843925476074219e+01 -6.005979061126708984e+00
-1.100561904907226562e+01 1.533467918634414673e-01
-1.715408897399902344e+01 -4.184661388397216797e+00
4.771081447601318359e+00 -1.406567668914794922e+01
-6.746997833251953125e+00 -9.310998916625976562e+00
8.428145408630371094e+00 -1.213669204711914062e+01
-1.008713817596435547e+01 -1.720035552978515625e+00
1.656882476806640625e+01 -1.195737361907958984e+01
-9.894246101379394531e+00 1.050720024108886719e+01
8.800912648439407349e-02 -6.601614475250244141e+00
1.266710662841796875e+01 -8.733054161071777344e+00
-8.593921661376953125e+00 -1.888263511657714844e+01
-3.685093164443969727e+00 -9.918039321899414062e+00
-6.745479106903076172e+00 7.465204238891601562e+00
4.469633579254150391e+00 3.466339349746704102e+00
-1.649249672889709473e+00 3.056872129440307617e+00
-1.563148880004882812e+01 -3.464833259582519531e+00
-7.165977954864501953e-01 9.620810508728027344e+00
-2.428928136825561523e+00 -9.061760902404785156e+00
-1.511116886138916016e+01 -1.429396438598632812e+01
1.275848960876464844e+01 -1.086467361450195312e+01
-2.990016460418701172e+00 -2.142515945434570312e+01
7.525249004364013672e+00 -7.336697578430175781e+00
-6.013072013854980469e+00 2.229228019714355469e-01
1.568694877624511719e+01 1.823976755142211914e+00
2.186476707458496094e+00 5.656824588775634766e+00
1.655137825012207031e+01 8.557851612567901611e-02
-7.006640434265136719e+00 1.060062026977539062e+01
-1.260539913177490234e+01 1.446690559387207031e+01
-6.809458732604980469e+00 6.933038234710693359e-01
2.732993125915527344e+01 -7.692173957824707031e+00
2.445024251937866211e+00 6.076666831970214844e+00
-3.410811185836791992e+00 -8.518928527832031250e+00
-3.508894681930541992e+00 1.792712402343750000e+01
8.714578628540039062e+00 6.440283775329589844e+00
7.559878349304199219e+00 -7.048286437988281250e+00
-1.398270225524902344e+01 -3.908693552017211914e+00
1.105049133300781250e+01 -5.135028839111328125e+00
1.777304077148437500e+01 9.580194473266601562e+00
-9.868961334228515625e+00 -9.108847618103027344e+00
8.049512863159179688e+00 -8.032723426818847656e+00
-4.210844516754150391e+00 -1.065874290466308594e+01
-4.016455650329589844e+00 -8.086795806884765625e+00
7.092127323150634766e+00 -6.604115486145019531e+00
-1.100844478607177734e+01 -4.242176532745361328e+00
1.351052379608154297e+01 -1.319555664062500000e+01
2.710571289062500000e+00 8.556930541992187500e+00
2.082846403121948242e+00 -5.994116067886352539e-01
-2.644868135452270508e+00 -1.422586631774902344e+01
1.956175041198730469e+01 -2.023181676864624023e+00
2.727239608764648438e+00 -7.946757316589355469e+00
-2.161014556884765625e+00 -2.303849458694458008e+00
1.469051361083984375e+01 1.866644096374511719e+01
-1.516386508941650391e+01 -2.778762817382812500e+00
1.263728713989257812e+01 -1.296899223327636719e+01
-2.232993364334106445e+00 -5.916522026062011719e+00
3.339102268218994141e+00 8.433843255043029785e-01
1.214058017730712891e+01 -1.624082183837890625e+01
-7.968208312988281250e+00 -1.079251384735107422e+01
1.144014739990234375e+01 -1.416876697540283203e+01
1.435840797424316406e+01 1.440673255920410156e+01
-2.654654502868652344e+00 -6.445791244506835938e+00
3.118972301483154297e+00 -4.651727676391601562e+00
8.026283264160156250e+00 -5.072412967681884766e+00
1.110311603546142578e+01 -1.860528564453125000e+01
-2.684659659862518311e-01 1.022474193572998047e+01
-8.411087036132812500e+00 -7.925995826721191406e+00
4.754916191101074219e+00 -4.122075557708740234e+00
1.004232788085937500e+01 1.300274085998535156e+01
-1.202114343643188477e+00 -8.740712165832519531e+00
-8.745416998863220215e-01 4.242033004760742188e+00
1.277802562713623047e+01 -3.305110931396484375e+00
-1.523461818695068359e+01 4.344172954559326172e+00
1.880282044410705566e+00 -2.551456689834594727e+00
5.806316375732421875e+00 -2.313626289367675781e+01
2.364474684000015259e-01 -1.822700309753417969e+01
-3.061751127243041992e+00 -1.694191169738769531e+01
5.240572690963745117e-01 1.050809097290039062e+01
-9.459254145622253418e-02 -2.839021921157836914e+00
-4.953667521476745605e-01 7.008411407470703125e+00
-3.504464387893676758e+00 -4.563332557678222656e+00
9.722404479980468750e+00 9.544991493225097656e+00
-1.576183795928955078e+01 -1.177925968170166016e+01
2.658949136734008789e+00 -7.725641727447509766e+00
9.637620925903320312e+00 -6.757683277130126953e+00
-9.888817787170410156e+00 -8.470483124256134033e-02
-8.762363433837890625e+00 1.095470428466796875e+01
-2.075057506561279297e+00 6.323700547218322754e-01
-9.317641258239746094e+00 -7.887217998504638672e+00
-1.417341709136962891e+01 1.725017905235290527e+00
-5.249704122543334961e-01 -1.310847091674804688e+01
-1.170413589477539062e+01 1.568896174430847168e+00
7.794080734252929688e+00 -1.590339183807373047e+01
8.173963546752929688e+00 -6.664459228515625000e+00
-1.240894222259521484e+01 -3.666695594787597656e+00
-5.762249946594238281e+00 -1.521191501617431641e+01
3.460617542266845703e+00 3.853222727775573730e-01
2.059216022491455078e+00 -1.145604705810546875e+01
9.523734092712402344e+00 2.022942543029785156e+01
-1.399103355407714844e+01 1.175201416015625000e+01
1.075043487548828125e+01 -1.533299922943115234e+00
-8.273760795593261719e+00 -1.571746921539306641e+01
5.296798944473266602e-01 4.315350532531738281e+00
7.882175922393798828e+00 -3.179100751876831055e+00
5.495445728302001953e+00 1.609660339355468750e+01
9.926322937011718750e+00 -1.795181655883789062e+01
-1.032306098937988281e+01 4.802913188934326172e+00
-3.343436241149902344e+00 7.888893127441406250e+00
7.348610460758209229e-02 -2.006088447570800781e+01
3.558766603469848633e+00 -4.711973667144775391e+00
-1.939785194396972656e+01 8.398319244384765625e+00
-1.081322669982910156e+00 5.173394680023193359e+00
5.155663013458251953e+00 -1.461309528350830078e+01
6.681570529937744141e+00 2.095500564575195312e+01
-7.646855831146240234e+00 -3.021869182586669922e+00
8.392059326171875000e+00 -7.552506446838378906e+00
8.352280616760253906e+00 -2.689076900482177734e+00
-1.218676328659057617e+00 -1.756923866271972656e+01
8.204118728637695312e+00 2.914987564086914062e+00
4.775754928588867188e+00 -3.726359903812408447e-01
-5.027485370635986328e+00 -4.878059864044189453e+00
-8.321344375610351562e+00 2.450665235519409180e+00
-5.071284294128417969e+00 1.560319042205810547e+01
1.651408767700195312e+01 -5.801981925964355469e+00
1.507183170318603516e+01 1.835790824890136719e+01
-1.068017196655273438e+01 -8.191606521606445312e+00
3.689261913299560547e+00 4.336791038513183594e-01
8.976863622665405273e-01 -2.084232330322265625e+01
1.307439422607421875e+01 1.778673529624938965e+00
-4.218215048313140869e-01 -1.931137275695800781e+01
-1.501509284973144531e+01 1.088950347900390625e+01
-1.085678458213806152e+00 1.167555570602416992e+00
1.251904815435409546e-01 2.016905784606933594e+00
-1.099083137512207031e+01 -8.850309371948242188e+00
6.472094058990478516e+00 1.900584983825683594e+01
3.838551998138427734e+00 2.387077331542968750e+00
-1.756828117370605469e+01 4.687259674072265625e+00
3.012189388275146484e+00 6.229349136352539062e+00
-1.093662261962890625e+01 -4.147716522216796875e+00
-6.176444053649902344e+00 -1.243413448333740234e+01
-1.599681854248046875e+01 -1.170483112335205078e+00
1.672743439674377441e+00 -1.287049388885498047e+01
-1.322153663635253906e+01 -6.942044258117675781e+00
-9.010826349258422852e-01 1.340355396270751953e+01
-7.263718843460083008e-01 2.707113265991210938e+00
1.335034251213073730e+00 2.796783208847045898e+00
8.001486778259277344e+00 -5.727819919586181641e+00
5.392965316772460938e+00 -1.065167427062988281e+01
1.592646718025207520e+00 -8.091931343078613281e-01
-5.889589309692382812e+00 1.675742721557617188e+01
-6.697458028793334961e-01 -1.000130844116210938e+01
1.208092308044433594e+01 4.944082796573638916e-01
-8.360608100891113281e+00 -7.605113029479980469e+00
-5.351100444793701172e+00 8.233031272888183594e+00
5.119860172271728516e+00 -7.967093467712402344e+00
-5.764408111572265625e+00 1.482032203674316406e+01
-1.177005767822265625e+01 2.509400939941406250e+01
-6.850109577178955078e+00 -3.112648963928222656e+00
2.146350383758544922e+00 -2.179268121719360352e+00
1.499363422393798828e+01 -1.975680923461914062e+01
4.149757862091064453e+00 7.550067305564880371e-01
-7.159769058227539062e+00 -1.003199100494384766e+01
-5.033164978027343750e+00 6.321692466735839844e+00
-1.150314903259277344e+01 1.061821556091308594e+01
1.322442150115966797e+01 7.645561218261718750e+00
-2.530111789703369141e+00 1.673789024353027344e+01
2.597958564758300781e+00 -1.016328716278076172e+01
6.872586727142333984e+00 -1.063394355773925781e+01
-3.750680685043334961e+00 1.532185745239257812e+01
-1.486723041534423828e+01 -7.470849990844726562e+00
-2.148683071136474609e+00 1.055922865867614746e+00
-1.526877999305725098e+00 -7.444858551025390625e+00
-2.374661445617675781e+01 2.016200256347656250e+01
2.432716369628906250e+01 -1.010510253906250000e+01
1.100375747680664062e+01 -1.302546310424804688e+01
1.928703188896179199e+00 -1.150143718719482422e+01
2.829874515533447266e+00 -2.953828573226928711e+00
-5.456911087036132812e+00 8.392754554748535156e+00
5.580893039703369141e+00 1.334869194030761719e+01
-3.236381769180297852e+00 -2.587909936904907227e+00
2.158122539520263672e+00 5.506875514984130859e+00
8.298984527587890625e+00 7.868326187133789062e+00
-1.614964675903320312e+01 -1.767573547363281250e+01
-1.754008483886718750e+01 -8.750187873840332031e+00
-2.760024547576904297e+00 -3.295731067657470703e+00
-4.132635116577148438e+00 -8.141139030456542969e+00
-4.144543647766113281e+00 -5.708650588989257812e+00
-1.216492652893066406e+01 -8.905943632125854492e-01
9.376896858215332031e+00 4.243360996246337891e+00
7.392677783966064453e+00 -2.044970321655273438e+01
-1.904622197151184082e+00 -6.743020057678222656e+00
7.001971244812011719e+00 -1.090865898132324219e+01
-5.766174793243408203e+00 -5.901247978210449219e+00
4.727441787719726562e+00 -1.486296081542968750e+01
-1.648271942138671875e+01 -6.364421367645263672e+00
-4.224287033081054688e+00 -6.081362247467041016e+00
2.487958371639251709e-01 -1.216549777984619141e+01
1.939018249511718750e+01 1.540006828308105469e+01
8.858453750610351562e+00 -7.997396469116210938e+00
9.018407821655273438e+00 -2.925081491470336914e+00
2.289459943771362305e+00 -5.988879680633544922e+00
-7.751162528991699219e+00 -1.127862572669982910e+00
-2.443798542022705078e+00 -7.114835739135742188e+00
3.665482997894287109e+00 -8.313346505165100098e-01
-8.046970367431640625e+00 1.546712493896484375e+01
-2.268308162689208984e+00 1.436895942687988281e+01
1.184695005416870117e+00 1.662089824676513672e+00
