2.074726867675781250e+01 6.915329933166503906e+00
-3.309111595153808594e+00 7.862136363983154297e-01
-4.949175834655761719e+00 -1.795676803588867188e+01
-4.860207557678222656e+00 -1.046534776687622070e-01
1.952094554901123047e+00 -7.245448231697082520e-01
-1.506989955902099609e+01 -3.184180498123168945e+00
1.088628387451171875e+01 -1.400450134277343750e+01
-5.766110420227050781e+00 7.508237838745117188e+00
-8.978514671325683594e+00 8.888813018798828125e+00
-2.319235801696777344e+01 1.597232937812805176e+00
-7.626766204833984375e+00 2.416429042816162109e+00
-1.764304542541503906e+01 8.873150825500488281e+00
6.797937154769897461e-01 -1.374150848388671875e+01
1.304699993133544922e+01 -1.234203529357910156e+01
-7.416605472564697266e+00 1.650940656661987305e+00
-3.228342056274414062e+00 -1.038784122467041016e+01
-2.065127372741699219e+00 3.147530078887939453e+00
1.515958690643310547e+01 -3.849121093750000000e+00
-8.888033628463745117e-01 -3.074376344680786133e+00
-3.262743949890136719e+00 -7.198092460632324219e+00
2.415702819824218750e+00 1.298806428909301758e+00
-7.531530261039733887e-01 1.484659767150878906e+01
-1.303316593170166016e+01 -4.080874443054199219e+00
-8.770861625671386719e+00 -7.807772159576416016e+00
1.392623901367187500e+01 5.884666368365287781e-02
1.640379142761230469e+01 2.742363214492797852e+00
3.937757015228271484e+00 9.012822151184082031e+00
-1.981998634338378906e+01 -1.100789260864257812e+01
-6.267004013061523438e+00 6.676536560058593750e+00
-1.384026145935058594e+01 -2.290981054306030273e+00
4.222627639770507812e+00 -1.158992862701416016e+01
-1.349576115608215332e+00 -4.573006153106689453e+00
-3.450652122497558594e+00 -1.266108512878417969e+01
1.167744159698486328e+01 1.001302909851074219e+01
-1.070155525207519531e+01 -7.136449813842773438e+00
-6.707674980163574219e+00 -9.722702026367187500e+00
3.622565746307373047e+00 5.336295127868652344e+00
3.238907814025878906e+00 -5.843948841094970703e+00
4.555778503417968750e+00 2.471972942352294922e+00
5.269491672515869141e+00 5.261074066162109375e+00
1.055158805847167969e+01 2.315298461914062500e+01
6.477987289428710938e+00 3.767982959747314453e+00
-2.587751388549804688e+00 -3.153031110763549805e+00
-7.820307731628417969e+00 -1.340615177154541016e+01
8.716644287109375000e+00 -3.885350227355957031e+00
-3.744564056396484375e-01 -4.293029308319091797e+00
-1.319494056701660156e+01 9.430263519287109375e+00
4.866155147552490234e+00 5.929429531097412109e+00
-7.373485088348388672e+00 -1.181373786926269531e+01
6.191578388214111328e+00 1.460235714912414551e+00
3.192834615707397461e+00 2.000804424285888672e+00
3.760229587554931641e+00 -1.027898788452148438e+01
-8.509227037429809570e-01 -1.357768630981445312e+01
8.643888473510742188e+00 1.347396659851074219e+01
3.420932292938232422e+00 1.396521329879760742e+00
9.878795623779296875e+00 -6.859962940216064453e-01
-1.818212699890136719e+01 -5.508120059967041016e+00
-7.251865863800048828e+00 3.973201513290405273e+00
-5.339747428894042969e+00 -1.975023651123046875e+01
-1.911989212036132812e+01 3.266479730606079102e+00
6.435137748718261719e+00 1.725400209426879883e+00
-5.826575756072998047e+00 7.285824298858642578e+00
1.016926383972167969e+01 -6.112171173095703125e+00
3.889654636383056641e+00 -1.381366825103759766e+01
-8.733721733093261719e+00 -6.541851043701171875e+00
-1.371487808227539062e+01 6.788743972778320312e+00
1.206043148040771484e+01 -5.395960807800292969e+00
2.554576635360717773e+00 -1.016137886047363281e+01
-5.484601020812988281e+00 -3.407505989074707031e+00
6.675988197326660156e+00 -5.296431541442871094e+00
-8.607242584228515625e+00 -8.521283864974975586e-01
-1.319813251495361328e+00 1.161780166625976562e+01
3.575400352478027344e+00 -3.649237632751464844e+00
4.175708293914794922e+00 -5.288065910339355469e+00
-4.225906372070312500e+00 6.495662212371826172e+00
1.286000251770019531e+01 -2.434472084045410156e+01
-8.494444847106933594e+00 -6.657179832458496094e+00
-2.061224460601806641e+00 2.852672338485717773e+00
-5.836040496826171875e+00 2.097667884826660156e+01
1.271219158172607422e+01 8.035304069519042969e+00
-9.496826171875000000e+00 7.778506875038146973e-01
5.119166374206542969e+00 3.471831798553466797e+00
8.802288055419921875e+00 -3.369997024536132812e+00
1.589473724365234375e+01 -8.403539657592773438e+00
-2.728863716125488281e+00 2.135481071472167969e+01
-1.180108070373535156e+01 4.434629917144775391e+00
-3.323306083679199219e+00 -1.772416234016418457e+00
1.164861583709716797e+01 -5.614243507385253906e+00
-3.828915596008300781e+00 5.277321815490722656e+00
-2.252131462097167969e+00 4.099630832672119141e+00
2.217029094696044922e+00 7.128830909729003906e+00
-1.080278587341308594e+01 -8.308588981628417969e+00
-4.008329391479492188e+00 -2.236909389495849609e+00
2.353315734863281250e+01 3.467485904693603516e+00
-3.304229378700256348e-01 -3.017311334609985352e+00
2.094794082641601562e+01 -1.763286399841308594e+01
-5.970178127288818359e+00 5.883168578147888184e-01
3.633501529693603516e+00 2.476210784912109375e+01
-1.483875083923339844e+01 -7.005677223205566406e-01
1.010328674316406250e+01 3.308050394058227539e+00
6.078908920288085938e+00 -9.136140823364257812e+00
1.777676045894622803e-01 5.659138679504394531e+00
7.952295541763305664e-01 1.475954151153564453e+01
-4.315892219543457031e+00 7.599217414855957031e+00
9.917772293090820312e+00 -7.705959320068359375e+00
-1.675588798522949219e+01 -2.130391836166381836e+00
2.642805814743041992e+00 -1.841006469726562500e+01
-9.028820991516113281e+00 -7.458267211914062500e-01
-4.767189502716064453e+00 -4.488621711730957031e+00
1.396642112731933594e+01 -3.007760047912597656e+00
-8.332085609436035156e+00 -4.764767169952392578e+00
-6.660525798797607422e-01 -9.650003433227539062e+00
-1.174633026123046875e+01 -1.102468681335449219e+01
7.826488494873046875e+00 8.357640266418457031e+00
1.919727206230163574e+00 -8.091377258300781250e+00
8.708517074584960938e+00 -5.801100730895996094e+00
3.225777387619018555e+00 4.546954154968261719e+00
1.092964935302734375e+01 6.786937117576599121e-01
-4.379242420196533203e+00 -1.503650546073913574e+00
-1.390803146362304688e+01 4.634372711181640625e+00
6.814946651458740234e+00 7.931064605712890625e+00
1.207243442535400391e+01 -1.932952105998992920e-01
-4.803917407989501953e+00 -1.426984024047851562e+01
1.098414516448974609e+01 4.047986984252929688e+00
-1.389179039001464844e+01 3.276485800743103027e-01
1.154667854309082031e+01 -1.609765243530273438e+01
1.324948501586914062e+01 8.956323623657226562e+00
-1.912364959716796875e+01 -4.467962741851806641e+00
-2.007181882858276367e+00 -1.214604854583740234e+01
1.351222515106201172e+01 4.947066783905029297e+00
1.907054519653320312e+01 1.184898495674133301e+00
2.176399230957031250e+00 5.623791694641113281e+00
3.690029621124267578e+00 8.163346290588378906e+00
-1.257609367370605469e+00 -3.897084236145019531e+00
-2.981080770492553711e+00 -3.405589818954467773e+00
-4.171792030334472656e+00 -7.873920917510986328e+00
9.921072959899902344e+00 -1.540535831451416016e+01
-3.574510097503662109e+00 7.093607902526855469e+00
-4.159939765930175781e+00 -2.813211917877197266e+00
2.217953920364379883e+00 -4.080877304077148438e+00
7.738699913024902344e+00 5.112309455871582031e+00
-8.604130744934082031e+00 2.664359569549560547e+00
2.034985733032226562e+01 1.077670693397521973e+00
-1.846844291687011719e+01 -3.789026737213134766e+00
-3.927427768707275391e+00 -1.066957116127014160e-01
9.085265159606933594e+00 -8.339010238647460938e+00
-1.174621200561523438e+01 -1.659307861328125000e+01
-2.527838706970214844e+00 4.958061218261718750e+00
6.262953758239746094e+00 -1.066064715385437012e+00
-1.251626014709472656e+01 -1.148284149169921875e+01
3.290390729904174805e+00 -1.828971624374389648e+00
-9.198774337768554688e+00 2.347090721130371094e+00
1.926445215940475464e-01 1.098335742950439453e+01
1.397705650329589844e+01 -1.586583614349365234e+01
2.968220138549804688e+01 9.129475593566894531e+00
4.608146667480468750e+00 6.043331623077392578e+00
4.182358264923095703e+00 -2.209134864807128906e+01
7.655987739562988281e+00 -2.103112983703613281e+01
3.720420598983764648e+00 4.782114982604980469e+00
5.860280036926269531e+00 2.478616905212402344e+01
1.056472873687744141e+01 2.116650342941284180e+00
2.135715675354003906e+01 -3.300580739974975586e+00
-7.419851303100585938e+00 -6.104603767395019531e+00
7.358218193054199219e+00 7.878193259239196777e-01
-1.055176258087158203e+01 -4.416125774383544922e+00
-1.693347740173339844e+01 -6.984414100646972656e+00
-9.753215789794921875e+00 2.275174331665039062e+01
1.529319167137145996e+00 -1.626246261596679688e+01
-6.671705842018127441e-01 -8.582162857055664062e+00
3.839095830917358398e+00 1.599492549896240234e+01
-1.555440044403076172e+01 -1.383666992187500000e+01
9.180235862731933594e+00 -9.376842498779296875e+00
-7.411834001541137695e-01 2.047191619873046875e+01
1.659610390663146973e+00 1.520250511169433594e+01
1.654548406600952148e+00 5.833237648010253906e+00
-2.139215278625488281e+01 -3.614182949066162109e+00
5.060906887054443359e+00 8.082345962524414062e+00
2.661149215698242188e+01 3.303923845291137695e+00
4.657186031341552734e+00 -6.271089553833007812e+00
-4.005520343780517578e-01 -9.251538664102554321e-03
-1.427635288238525391e+01 1.325931739807128906e+01
1.200250148773193359e+01 6.607005596160888672e+00
1.215755820274353027e+00 -7.686942100524902344e+00
2.475215911865234375e+00 2.342558670043945312e+01
-4.235502243041992188e+00 5.671611309051513672e+00
-1.153060531616210938e+01 3.959110260009765625e+00
-8.002292633056640625e+00 -1.424213218688964844e+01
9.593668937683105469e+00 -2.089572906494140625e+01
1.153964042663574219e+00 4.619375467300415039e-01
1.234081840515136719e+01 1.567098426818847656e+01
-1.568605804443359375e+01 1.452039957046508789e+00
-1.369191741943359375e+01 -2.054353237152099609e+00
-7.513573646545410156e+00 1.031893730163574219e+01
4.139724731445312500e+00 5.476756095886230469e+00
1.442846488952636719e+01 8.532028198242187500e+00
-1.850428771972656250e+01 1.607697963714599609e+00
-4.366580009460449219e+00 2.017641830444335938e+01
-1.012754344940185547e+01 5.456762790679931641e+00
1.803838729858398438e+01 1.956795501708984375e+01
1.092426490783691406e+01 -1.836027354001998901e-01
1.640807151794433594e+00 -2.463866949081420898e+00
-1.640535116195678711e+00 1.236172866821289062e+01
-2.568942308425903320e+00 2.231096267700195312e+00
6.175231456756591797e+00 -3.441653251647949219e+00
8.260381698608398438e+00 1.105499839782714844e+01
5.390209674835205078e+00 4.367241263389587402e-01
-2.096428632736206055e+00 7.142843246459960938e+00
4.075517177581787109e+00 8.816981315612792969e+00
1.312942314147949219e+01 4.209499835968017578e+00
-4.066414356231689453e+00 -1.392027091979980469e+01
-4.934934616088867188e+00 2.551928043365478516e+00
1.047003936767578125e+01 -1.353184127807617188e+01
-8.302066802978515625e+00 3.381978273391723633e+00
7.685648918151855469e+00 -5.595743179321289062e+00
4.105115413665771484e+00 -6.331649780273437500e+00
-6.658821702003479004e-01 9.645111083984375000e+00
8.367877960205078125e+00 3.012895822525024414e+00
-1.594445228576660156e+01 1.735635995864868164e+00
-1.498136997222900391e+01 -4.046101093292236328e+00
-1.203818225860595703e+01 -1.200777769088745117e+00
-1.109577178955078125e+01 9.715627670288085938e+00
-1.929913282394409180e+00 1.004573059082031250e+01
1.880737686157226562e+01 1.359729003906250000e+01
-1.195202827453613281e+01 -6.634524464607238770e-01
-4.873182296752929688e+00 -1.443094253540039062e+01
-1.118217945098876953e+01 2.476062583923339844e+01
-1.144392585754394531e+01 -9.665687561035156250e+00
9.966298937797546387e-01 3.943136215209960938e+00
-4.831489562988281250e+00 1.068626213073730469e+01
-1.616554141044616699e+00 -6.752431869506835938e+00
-2.412502098083496094e+01 -1.090558242797851562e+01
-8.756597518920898438e+00 1.093009853363037109e+01
-7.295000553131103516e-01 -1.263255023956298828e+01
-1.297338104248046875e+01 1.292992830276489258e+00
-5.400938034057617188e+00 5.493258476257324219e+00
-4.668052673339843750e+00 2.180788040161132812e+00
-8.077679634094238281e+00 -5.198015689849853516e+00
3.253978729248046875e+00 -7.378165245056152344e+00
2.951718330383300781e+00 -4.604981899261474609e+00
-3.015750646591186523e+00 -1.284981727600097656e+01
-3.213457584381103516e+00 8.035676181316375732e-02
1.918998908996582031e+01 1.430395221710205078e+01
6.536046981811523438e+00 1.533253192901611328e+01
-3.351149320602416992e+00 1.133781051635742188e+01
5.033039569854736328e+00 2.247041702270507812e+00
-3.033160686492919922e+00 1.047798752784729004e+00
1.908834695816040039e+00 6.890921115875244141e+00
-1.650960540771484375e+01 -2.649386167526245117e+00
-2.527994155883789062e+01 7.550642490386962891e+00
8.506602287292480469e+00 -1.435446739196777344e+01
3.959281444549560547e-01 9.792903661727905273e-01
7.398136854171752930e-01 -3.383492946624755859e+00
5.101052671670913696e-02 -5.017461299896240234e+00
1.334769248962402344e+00 -9.653225898742675781e+00
-1.249359607696533203e+00 -7.562518596649169922e+00
-5.592220306396484375e+00 1.076540756225585938e+01
-9.812295913696289062e+00 8.016767501831054688e-01
6.123460769653320312e+00 1.005380630493164062e+01
3.515816926956176758e-01 -1.021624088287353516e+01
-1.487646961212158203e+01 1.859260678291320801e+00
-4.638229370117187500e+00 1.678293704986572266e+00
8.954172134399414062e+00 -1.499791860580444336e+00
-3.438222646713256836e+00 3.858844041824340820e+00
2.167161464691162109e+00 -1.308065414428710938e+01
1.982506370544433594e+01 -1.125053596496582031e+01
5.633113861083984375e+00 -3.247408628463745117e+00
-6.192486763000488281e+00 -1.536744880676269531e+01
-3.793109893798828125e+00 -9.774233818054199219e+00
1.471522903442382812e+01 9.597702980041503906e+00
-2.268870353698730469e+00 1.358811950683593750e+01
-1.213660335540771484e+01 6.245679378509521484e+00
-7.913289546966552734e+00 -3.545419216156005859e+00
-1.571057701110839844e+01 9.681443214416503906e+00
5.701215267181396484e+00 8.561038017272949219e+00
2.140417289733886719e+01 6.842090606689453125e+00
-1.168015480041503906e+01 3.394398450851440430e+00
-9.955736160278320312e+00 -1.074784374237060547e+01
-1.003825664520263672e+01 6.150912761688232422e+00
6.715306758880615234e+00 5.846323490142822266e+00
-6.597774028778076172e+00 9.581828117370605469e+00
-3.318603992462158203e+00 1.789473772048950195e+00
4.818147182464599609e+00 -4.365384101867675781e+00
3.818297624588012695e+00 -1.150768280029296875e+01
-1.281481266021728516e+01 8.966086387634277344e+00
-4.570639610290527344e+00 -1.490376949310302734e+01
4.597198486328125000e+00 -3.180811643600463867e+00
-2.954809665679931641e+00 2.250732231140136719e+01
1.489157199859619141e+01 1.057844257354736328e+01
-3.823538064956665039e+00 -1.512115240097045898e+00
1.422415733337402344e+01 -1.718042850494384766e+00
-7.899391174316406250e+00 7.010731697082519531e+00
-2.885801792144775391e+00 -7.773964881896972656e+00
-8.240190505981445312e+00 6.495815277099609375e+00
8.195541381835937500e+00 2.325929832458496094e+01
-1.824205017089843750e+01 -4.033085346221923828e+00
1.197767853736877441e+00 8.644187450408935547e-01
1.036629557609558105e+00 5.718505382537841797e+00
-9.114209175109863281e+00 -2.277945327758789062e+01
5.685930728912353516e+00 2.592203521728515625e+01
1.654830551147460938e+01 -6.214094638824462891e+00
5.652412891387939453e+00 -6.621451854705810547e+00
-1.528694915771484375e+01 1.054149818420410156e+01
-1.080467700958251953e+01 -3.929961681365966797e+00
-1.513194274902343750e+01 9.258930683135986328e-01
-1.690166091918945312e+01 -7.698233127593994141e+00
-1.895960998535156250e+01 -5.816260337829589844e+00
1.225025653839111328e+01 -2.078372478485107422e+00
5.471116065979003906e+00 6.314159393310546875e+00
-1.812615013122558594e+01 8.829172134399414062e+00
1.869616699218750000e+01 1.885918998718261719e+01
1.473504829406738281e+01 2.529256057739257812e+01
3.561500310897827148e+00 -6.284397840499877930e-01
-4.629524946212768555e-01 2.664680957794189453e+00
-1.406714820861816406e+01 -6.341939449310302734e+00
1.167425346374511719e+01 -8.915747404098510742e-01
-2.573076248168945312e+01 -9.968256950378417969e+00
2.204099178314208984e+00 -4.054389476776123047e+00
-3.307415008544921875e+00 -4.007426261901855469e+00
-2.763489723205566406e+01 -1.884149551391601562e+01
1.841339349746704102e+00 7.338826179504394531e+00
-9.753013610839843750e+00 -1.015423679351806641e+01
-6.006740331649780273e-01 8.935573577880859375e+00
9.709423065185546875e+00 9.478239059448242188e+00
-4.227548599243164062e+00 -5.450171470642089844e+00
-4.964119911193847656e+00 9.154436111450195312e+00
-1.129156970977783203e+01 -1.498035073280334473e+00
-2.748483419418334961e+00 -2.523101615905761719e+01
9.130564689636230469e+00 5.787021636962890625e+00
2.195611572265625000e+01 -2.830627202987670898e+00
-9.094468355178833008e-01 5.329016685485839844e+00
1.511754989624023438e+01 1.704954528808593750e+01
1.264200210571289062e+00 2.177317619323730469e+01
7.370588302612304688e+00 6.661190986633300781e+00
-2.591215372085571289e+00 1.420925235748291016e+01
1.256550598144531250e+01 -2.350935173034667969e+01
-1.555384445190429688e+01 -6.904286384582519531e+00
2.201723575592041016e+00 7.160764932632446289e-01
-9.670830726623535156e+00 4.049976348876953125e+00
1.500433444976806641e+00 -2.513530731201171875e+01
3.313770532608032227e+00 6.913994789123535156e+00
5.097258567810058594e+00 9.028928756713867188e+00
1.940474700927734375e+01 -1.525283336639404297e+00
6.589831352233886719e+00 1.129450035095214844e+01
-2.044628524780273438e+01 -8.992882728576660156e+00
1.450168514251708984e+01 2.219219017028808594e+01
5.398377776145935059e-01 7.596067428588867188e+00
-7.635613441467285156e+00 -6.887263298034667969e+00
1.012716770172119141e+01 7.269299030303955078e+00
-8.445384025573730469e+00 -7.552772521972656250e+00
1.490664672851562500e+01 6.351600646972656250e+00
-2.197877883911132812e+01 3.903471231460571289e+00
-4.022262573242187500e+00 1.199371528625488281e+01
-1.238707351684570312e+01 6.839246749877929688e+00
6.504173278808593750e+00 9.261969566345214844e+00
3.787076473236083984e+00 -4.760982513427734375e+00
1.597131156921386719e+01 2.219938039779663086e+00
1.501693725585937500e+00 -1.602912664413452148e+00
-9.811155319213867188e+00 2.298732566833496094e+01
5.442588329315185547e+00 1.018552780151367188e+01
7.601860046386718750e+00 4.856725692749023438e+00
-1.095941448211669922e+01 4.176137924194335938e+00
-5.742253303527832031e+00 -1.533750724792480469e+01
-4.592082977294921875e+00 -2.298920440673828125e+01
-1.208778572082519531e+01 -1.081476402282714844e+01
-1.177741813659667969e+01 -1.044945335388183594e+01
3.816567659378051758e+00 -9.762793540954589844e+00
-4.145463466644287109e+00 -1.068395805358886719e+01
-1.988273811340332031e+01 -1.024164199829101562e+01
-2.139875650405883789e+00 -6.125174522399902344e+00
-1.046785449981689453e+01 1.606017589569091797e+00
1.076836395263671875e+01 -3.234930992126464844e+00
-1.192822551727294922e+01 -1.070979213714599609e+01
1.156252765655517578e+01 -4.187293052673339844e+00
-7.247273921966552734e+00 -1.543115234375000000e+01
8.705433845520019531e+00 1.248363137245178223e+00
-9.908032417297363281e+00 -6.400719881057739258e-01
-4.656055450439453125e+00 -1.176514816284179688e+01
-9.741914749145507812e+00 -8.649790763854980469e+00
3.324328660964965820e+00 -8.522700309753417969e+00
4.073919773101806641e+00 -2.499743700027465820e+00
-1.105579853057861328e+01 -9.234488010406494141e-01
-4.991606712341308594e+00 2.502292096614837646e-01
1.074330139160156250e+01 1.365408182144165039e+00
1.515236973762512207e+00 -2.503863573074340820e+00
-7.697398185729980469e+00 -1.272894382476806641e+01
1.277320504188537598e+00 5.371890544891357422e+00
1.808349990844726562e+01 -8.781114578247070312e+00
-8.931435585021972656e+00 -2.660496473312377930e+00
-3.754175662994384766e+00 1.283686828613281250e+01
1.950717687606811523e+00 1.931943321228027344e+01
-1.654902267456054688e+01 -4.665930747985839844e+00
7.951876640319824219e+00 4.060126304626464844e+00
-5.504555702209472656e+00 5.352539420127868652e-01
6.793322563171386719e+00 1.324936866760253906e+01
1.362041091918945312e+01 -5.258386135101318359e+00
-7.794070720672607422e+00 2.984616994857788086e+00
1.676511645317077637e+00 1.091906642913818359e+01
-9.770337104797363281e+00 1.269176673889160156e+01
2.056524085998535156e+01 1.164093494415283203e+01
-7.642898559570312500e+00 -1.469395160675048828e+01
-1.556835079193115234e+01 -1.173574447631835938e+01
-6.027909278869628906e+00 1.682536506652832031e+01
-6.443163871765136719e+00 2.639229774475097656e+01
8.974796295166015625e+00 -1.434458637237548828e+01
2.627829551696777344e+00 6.307616710662841797e+00
6.580545902252197266e+00 9.248347282409667969e+00
-1.104862809181213379e+00 6.838951587677001953e+00
-3.720432281494140625e+00 1.417597389221191406e+01
4.301177501678466797e+00 3.624479532241821289e+00
-1.395632505416870117e+00 -3.972627639770507812e+00
4.568809032440185547e+00 1.014743804931640625e+01
-3.729050159454345703e+00 -1.458726787567138672e+01
3.868450641632080078e+00 -8.262013435363769531e+00
-1.369969558715820312e+01 -5.666606426239013672e+00
4.598103046417236328e+00 3.313189983367919922e+00
-2.731204032897949219e+00 -1.171679019927978516e+00
-4.922407627105712891e+00 -8.936456680297851562e+00
-5.659792423248291016e+00 7.326030731201171875e-01
1.149792289733886719e+01 -2.818951606750488281e+01
-1.460186195373535156e+01 -3.698082923889160156e+00
-1.880867958068847656e+00 2.128991365432739258e+00
2.014124870300292969e+01 -9.922307014465332031e+00
9.343913078308105469e+00 4.274962425231933594e+00
7.547948837280273438e+00 1.546536445617675781e+01
9.501732826232910156e+00 1.444527530670166016e+01
1.444326162338256836e+00 4.911881446838378906e+00
-2.170900404453277588e-01 2.204303979873657227e+00
1.816001129150390625e+01 1.072532272338867188e+01
8.368216514587402344e+00 2.949830532073974609e+00
5.950284481048583984e+00 -7.180287361145019531e+00
-1.962494552135467529e-01 7.024774074554443359e+00
1.332863426208496094e+01 2.492050552368164062e+01
1.703633069992065430e+00 1.162568950653076172e+01
8.118669509887695312e+00 -2.790375947952270508e+00
-8.080238342285156250e+00 -2.744944381713867188e+01
-2.919549703598022461e+00 3.794297695159912109e+00
1.380352115631103516e+01 -1.692981600761413574e+00
9.583808898925781250e+00 1.597682571411132812e+01
6.850772380828857422e+00 -1.165285110473632812e-01
3.054614305496215820e+00 -4.485504627227783203e+00
5.630587577819824219e+00 1.658972549438476562e+01
1.003697967529296875e+01 1.525418090820312500e+01
4.193294048309326172e+00 -2.077314376831054688e+01
5.641808509826660156e+00 -6.385680198669433594e+00
2.765196800231933594e+00 1.038217926025390625e+01
-5.369020462036132812e+00 3.851495742797851562e+00
-2.118320083618164062e+01 7.043519616127014160e-01
4.685428619384765625e+00 5.448476076126098633e-01
-1.293320846557617188e+01 -8.079969406127929688e+00
-1.961155533790588379e+00 -1.327993774414062500e+01
-1.754962801933288574e+00 2.196839141845703125e+01
-1.808263778686523438e+01 -1.466102409362792969e+01
-1.990890693664550781e+01 5.063689231872558594e+00
1.918254852294921875e+00 -1.422031497955322266e+01
-5.993919849395751953e+00 1.510719358921051025e-01
1.159646797180175781e+01 4.825316071510314941e-01
6.752127647399902344e+00 4.276444911956787109e+00
-2.436630010604858398e+00 -6.418719768524169922e+00
7.067534923553466797e+00 -2.556023359298706055e+00
-4.707323074340820312e+00 -7.866644859313964844e-01
-1.059981441497802734e+01 6.503912925720214844e+00
-1.029455661773681641e+01 5.221872806549072266e+00
9.763447761535644531e+00 8.643369674682617188e+00
1.928733634948730469e+01 1.919201850891113281e+01
1.352460670471191406e+01 1.162872123718261719e+01
1.109504222869873047e+01 6.784153938293457031e+00
3.494844436645507812e-01 -4.403626441955566406e+00
3.628717899322509766e+00 1.783362388610839844e+01
-4.570197105407714844e+00 -1.445278549194335938e+01
-6.849656105041503906e+00 5.801863670349121094e+00
-5.735754013061523438e+00 -8.228081703186035156e+00
9.827956199645996094e+00 1.254084968566894531e+01
2.323853015899658203e+00 -4.405146598815917969e+00
2.542902469635009766e+00 6.320295810699462891e+00
-7.106801986694335938e+00 -7.607414245605468750e+00
-1.265388727188110352e+00 -7.280134201049804688e+00
-5.788111686706542969e+00 -2.406360149383544922e+00
1.033893775939941406e+01 1.999468207359313965e+00
6.688139915466308594e+00 1.772266197204589844e+01
4.066044330596923828e+00 -1.523716688156127930e+00
4.415591239929199219e+00 -1.827487754821777344e+01
-1.023079514503479004e+00 9.234292030334472656e+00
-4.822206974029541016e+00 -1.121605014801025391e+01
2.111248016357421875e+01 1.191429996490478516e+01
-1.029978752136230469e+00 1.709902524948120117e+00
9.428337097167968750e+00 -1.903378677368164062e+01
4.402418136596679688e+00 -3.240751028060913086e+00
7.483098506927490234e+00 8.519205093383789062e+00
-3.101779937744140625e+00 -3.427686691284179688e+00
-1.028048872947692871e+00 6.733907699584960938e+00
1.296033859252929688e+00 -8.189807891845703125e+00
-4.155227541923522949e-01 -7.603170871734619141e+00
1.710639190673828125e+01 8.186747550964355469e+00
1.772843742370605469e+01 4.292323589324951172e+00
5.466404914855957031e+00 4.331521511077880859e+00
-2.395695209503173828e+00 2.069552093744277954e-01
1.298208475112915039e+00 -2.799921035766601562e+00
2.393393516540527344e+01 1.039766311645507812e+01
-3.631479501724243164e+00 5.160467147827148438e+00
1.425067901611328125e+01 8.053772449493408203e-01
3.452126979827880859e+00 2.524898529052734375e+00
1.427284717559814453e+00 -1.571155929565429688e+01
-1.332832145690917969e+01 -1.085023307800292969e+01
-6.783690452575683594e+00 -8.067932128906250000e+00
-6.916552066802978516e+00 1.074901199340820312e+01
-1.133967018127441406e+01 6.313974857330322266e+00
-7.068567752838134766e+00 1.563700771331787109e+01
4.995151519775390625e+00 -1.015255451202392578e+01
2.184386491775512695e+00 8.101076126098632812e+00
5.252244472503662109e+00 1.155234146118164062e+01
-1.263826370239257812e+01 -1.526532268524169922e+01
7.540214061737060547e+00 3.759173870086669922e+00
2.550383567810058594e+01 1.164513397216796875e+01
1.256484603881835938e+01 -1.104425334930419922e+01
1.582629442214965820e+00 1.888777256011962891e+00
2.033434867858886719e+01 1.661435317993164062e+01
9.636507987976074219e+00 2.025172233581542969e+00
7.041263103485107422e+00 3.114513874053955078e+00
-5.000412940979003906e+00 8.640916824340820312e+00
2.058805942535400391e+00 -9.779116630554199219e+00
-7.483561038970947266e+00 3.844713926315307617e+00
-1.495385289192199707e+00 1.001438713073730469e+01
8.355010986328125000e+00 -9.184868812561035156e+00
-7.611520767211914062e+00 8.205746650695800781e+00
1.953030705451965332e+00 -3.826791286468505859e+00
8.729252815246582031e+00 2.017609834671020508e+00
1.132727241516113281e+01 -3.866433620452880859e+00
1.810623407363891602e+00 -1.408775424957275391e+01
-1.883382034301757812e+01 5.771893978118896484e+00
1.553959083557128906e+01 -2.046015548706054688e+01
-4.429866790771484375e+00 4.877425193786621094e+00
5.091413497924804688e+00 1.010999870300292969e+01
-1.345083618164062500e+01 -1.243435478210449219e+01
1.003318405151367188e+01 -4.879586100578308105e-01
6.742578506469726562e+00 -1.840557479858398438e+01
8.561363220214843750e+00 1.109200835227966309e+00
5.468031883239746094e+00 1.138968706130981445e+00
4.447061061859130859e+00 7.484913349151611328e+00
1.581917524337768555e+00 -1.874958038330078125e+00
9.997649192810058594e+00 7.839375495910644531e+00
1.225464439392089844e+01 9.059345245361328125e+00
2.744357824325561523e+00 -8.828792572021484375e+00
-8.039418220520019531e+00 -3.216506958007812500e+00
-8.047675132751464844e+00 -3.256333112716674805e+00
-1.760231781005859375e+01 -4.951979637145996094e+00
-1.727477645874023438e+01 -8.516500473022460938e+00
-1.144304752349853516e+01 4.709059715270996094e+00
6.484357833862304688e+00 -3.556721448898315430e+00
-4.660085201263427734e+00 1.388057518005371094e+01
-1.064475250244140625e+01 -7.529616355895996094e-01
1.088300824165344238e+00 9.398687362670898438e+00
1.776339340209960938e+01 -7.560483932495117188e+00
-1.142158889770507812e+01 -3.991389274597167969e+00
1.454297447204589844e+01 -1.121512508392333984e+01
-1.070629501342773438e+01 -1.652717399597167969e+01
8.966807365417480469e+00 3.004064559936523438e+01
9.471965789794921875e+00 3.919816970825195312e+00
2.102626323699951172e+00 -9.551325798034667969e+00
-8.086911439895629883e-01 1.476004004478454590e+00
-1.312727332115173340e+00 9.020898818969726562e+00
-8.184000968933105469e+00 -4.637141704559326172e+00
4.186473846435546875e+00 -1.647893935441970825e-01
-1.300372314453125000e+01 -9.745132446289062500e+00
-1.321067428588867188e+01 -2.418302726745605469e+01
5.005897879600524902e-01 3.831200838088989258e+00
-5.097488403320312500e+00 -4.843158721923828125e+00
8.727615356445312500e+00 -6.417658805847167969e+00
-1.006193351745605469e+01 7.607700347900390625e+00
-4.253775179386138916e-01 -8.583936691284179688e+00
-6.137797355651855469e+00 1.024843215942382812e+00
-5.106477260589599609e+00 -7.934282302856445312e+00
-5.498556137084960938e+00 5.902302265167236328e+00
-2.140184164047241211e+00 -1.560929107666015625e+01
-5.576909065246582031e+00 1.929117679595947266e+00
-3.824033975601196289e+00 -1.544879055023193359e+01
4.603707790374755859e+00 3.693646192550659180e+00
2.367155075073242188e+01 -7.954908609390258789e-01
-2.736446762084960938e+01 -4.584187641739845276e-02
-7.027173519134521484e+00 -1.811380982398986816e+00
2.118170022964477539e+00 -5.669154167175292969e+00
-3.900116682052612305e+00 7.766314506530761719e+00
-4.455180644989013672e+00 1.873164558410644531e+01
1.708038449287414551e+00 3.310745000839233398e+00
2.215400934219360352e+00 1.006355881690979004e+00
1.358893585205078125e+01 -6.993426799774169922e+00
-1.354707241058349609e+01 -1.788224601745605469e+01
9.894878387451171875e+00 4.721765220165252686e-01
5.272714495658874512e-01 1.229867458343505859e+01
-1.724010086059570312e+01 -2.390594482421875000e+00
2.108393478393554688e+01 1.116847801208496094e+01
-7.511868476867675781e-01 -1.619837570190429688e+01
2.334626388549804688e+01 4.573931694030761719e+00
1.509085750579833984e+01 8.290832519531250000e+00
8.002412796020507812e+00 -2.238485336303710938e+00
-7.859203815460205078e+00 -1.141454601287841797e+01
5.890373706817626953e+00 5.519944190979003906e+00
2.607370376586914062e+00 -6.937077522277832031e+00
-7.568712711334228516e+00 -6.530550003051757812e+00
-1.907770347595214844e+01 8.805611610412597656e+00
-3.239828348159790039e+00 8.236291408538818359e-01
-2.478696107864379883e+00 -6.620536327362060547e+00
-1.014692783355712891e+01 -5.008045196533203125e+00
-2.336538791656494141e+00 -6.511978626251220703e+00
-8.136031150817871094e+00 4.025712966918945312e+00
-7.933768749237060547e+00 1.462634325027465820e+00
-4.086017131805419922e+00 -2.340034484863281250e+00
2.171424388885498047e+00 7.977855682373046875e+00
8.822414398193359375e+00 -2.206537246704101562e+01
9.119991302490234375e+00 -2.652579307556152344e+00
-9.616604804992675781e+00 2.238478422164916992e+00
1.421358585357666016e+01 -4.248903274536132812e+00
1.134594798088073730e+00 -2.037503242492675781e+00
-2.368668094277381897e-02 6.135575294494628906e+00
5.435477495193481445e-01 6.788278579711914062e+00
2.661591053009033203e+00 1.435014915466308594e+01
-2.110584449768066406e+01 -9.391058087348937988e-01
-2.668155670166015625e+00 1.500402545928955078e+01
5.187475204467773438e+00 1.309242725372314453e+01
-3.353759050369262695e-01 -4.446928024291992188e+00
8.488046646118164062e+00 5.269235610961914062e+00
2.617336511611938477e-01 7.015895843505859375e+00
3.762403726577758789e+00 1.975569725036621094e+00
-1.812219810485839844e+01 -3.905696630477905273e+00
-5.370259761810302734e+00 -7.836213588714599609e+00
1.580079078674316406e+00 -5.529608249664306641e+00
-2.151931673288345337e-01 1.086159515380859375e+01
-1.277333068847656250e+01 7.966717720031738281e+00
4.369801044464111328e+00 -6.467062830924987793e-01
-7.307124137878417969e+00 -1.129813385009765625e+01
3.485986232757568359e+00 -4.817817211151123047e+00
-5.838271141052246094e+00 4.444169521331787109e+00
4.161302566528320312e+00 -2.467195320129394531e+01
-2.583195209503173828e+00 6.667357444763183594e+00
6.385996818542480469e+00 1.438101577758789062e+01
-1.475995159149169922e+01 4.242640972137451172e+00
1.141400218009948730e+00 8.624795913696289062e+00
-5.709960460662841797e+00 1.872686028480529785e+00
1.197006940841674805e+00 -2.144201660156250000e+01
1.144841384887695312e+01 7.076436996459960938e+00
-1.060167217254638672e+01 -7.913072109222412109e+00
8.812111854553222656e+00 -4.567402839660644531e+00
5.691878795623779297e-01 3.385332822799682617e+00
9.055527687072753906e+00 -1.105405807495117188e+01
-2.954013824462890625e+00 -6.662774085998535156e+00
-4.543720245361328125e+00 1.115715026855468750e+01
-1.597258949279785156e+01 4.086726307868957520e-01
-8.622811317443847656e+00 -6.026520729064941406e+00
-1.514127540588378906e+01 -3.402335405349731445e+00
6.327544212341308594e+00 2.722274303436279297e+00
-1.357853507995605469e+01 -2.605469465255737305e+00
-1.403718233108520508e+00 7.259416103363037109e+00
-1.606765365600585938e+01 3.987361192703247070e+00
-4.279838562011718750e+00 6.002939224243164062e+00
9.701230049133300781e+00 1.007470703125000000e+01
4.945328235626220703e-01 -2.030774307250976562e+01
-9.520058631896972656e+00 -1.707313728332519531e+01
6.591515541076660156e+00 -2.311136436462402344e+01
3.137720823287963867e+00 -8.884058952331542969e+00
1.262529969215393066e+00 1.546308845281600952e-01
8.883816003799438477e-01 -4.266644954681396484e+00
-2.066637516021728516e+00 -2.189610290527343750e+01
3.705436229705810547e+00 -3.499281406402587891e+00
1.214418888092041016e+01 -6.441172957420349121e-01
-2.298940181732177734e+00 1.206455421447753906e+01
7.815323352813720703e+00 -1.020864009857177734e+01
-3.901961803436279297e+00 -4.935150623321533203e+00
1.423195362091064453e+01 -2.055927085876464844e+01
8.302547931671142578e-01 -3.533522844314575195e+00
7.816271305084228516e+00 -6.605179309844970703e+00
1.075731849670410156e+01 9.468208312988281250e+00
3.524165153503417969e+00 8.856275677680969238e-01
1.166761493682861328e+01 8.509466171264648438e+00
5.350162506103515625e+00 -6.017576217651367188e+00
6.262017250061035156e+00 1.972193956375122070e+00
4.928241729736328125e+00 -1.107905006408691406e+01
-4.240660190582275391e+00 2.917136955261230469e+01
-7.423843860626220703e+00 9.251859664916992188e+00
-6.398781776428222656e+00 -9.685018539428710938e+00
-9.974809646606445312e+00 1.891838836669921875e+01
1.561420440673828125e+00 -4.145080566406250000e+00
2.763156414031982422e+00 -2.894470691680908203e-01
-6.053946495056152344e+00 -3.522008061408996582e-01
8.605100631713867188e+00 -5.021709918975830078e+00
-1.461539363861083984e+01 -4.509283542633056641e+00
-7.412235736846923828e+00 5.107497215270996094e+00
1.182333946228027344e+01 3.723410367965698242e-01
9.700536727905273438e-01 -8.938848495483398438e+00
6.860129833221435547e+00 -1.241370677947998047e+01
-4.391499519348144531e+00 1.250274085998535156e+01
5.243394374847412109e+00 -8.273986816406250000e+00
-8.121927261352539062e+00 9.740150451660156250e+00
-1.871916580200195312e+01 -2.847968101501464844e+00
-9.836389869451522827e-02 4.785943508148193359e+00
-8.999098777770996094e+00 -8.686235427856445312e+00
9.526276588439941406e+00 -1.663341712951660156e+01
1.300412750244140625e+01 -2.004400968551635742e+00
3.507390975952148438e+00 -1.894974136352539062e+01
1.183341884613037109e+01 -1.143399429321289062e+01
-3.953451633453369141e+00 6.561784267425537109e+00
-2.191147327423095703e+00 1.001737117767333984e+01
-8.815338134765625000e+00 6.236183166503906250e+00
-8.135449409484863281e+00 6.714982032775878906e+00
3.682043075561523438e+00 1.561279773712158203e+00
-1.018720746040344238e+00 1.718208551406860352e+00
-2.202178001403808594e+00 -1.947726488113403320e+00
3.070530652999877930e+00 3.586054801940917969e+00
9.764232635498046875e+00 -2.759115219116210938e+00
4.896013736724853516e+00 -1.147572040557861328e+01
-4.911070823669433594e+00 5.087368011474609375e+00
-3.171194076538085938e+01 -2.105702400207519531e+00
1.980970954895019531e+01 4.286616325378417969e+00
-3.428491592407226562e+00 5.804659843444824219e+00
8.575453758239746094e+00 3.138384819030761719e+00
1.275900936126708984e+01 -2.393363952636718750e+00
-1.132727622985839844e+01 2.139874219894409180e+00
1.710518002510070801e+00 9.233775138854980469e+00
7.943153858184814453e+00 1.010325336456298828e+01
-2.886785030364990234e+00 8.194800376892089844e+00
2.546948242187500000e+01 8.200377464294433594e+00
7.166087031364440918e-01 -8.917055130004882812e+00
4.663277149200439453e+00 4.976710796356201172e+00
1.268102836608886719e+01 3.608441829681396484e+00
-3.994222879409790039e-01 1.913768351078033447e-01
-9.609162330627441406e+00 4.749073028564453125e+00
1.776867675781250000e+01 -6.058725357055664062e+00
3.434868240356445312e+01 -6.545015335083007812e+00
-1.688626766204833984e+00 2.069464874267578125e+01
-1.798289871215820312e+01 6.738007068634033203e-01
-6.913786411285400391e+00 5.052585601806640625e+00
-9.910685539245605469e+00 -3.511245012283325195e+00
-4.157043457031250000e+00 1.536419773101806641e+01
2.753078699111938477e+00 9.290555953979492188e+00
-7.671490192413330078e+00 5.576524734497070312e+00
8.752485275268554688e+00 -2.897534370422363281e+00
9.350861549377441406e+00 1.438693046569824219e+00
-3.658447265625000000e-01 -1.959074258804321289e+00
4.938795566558837891e+00 1.891977119445800781e+01
9.082998275756835938e+00 -1.832482910156250000e+01
7.980345726013183594e+00 1.142301440238952637e+00
-3.139519453048706055e+00 2.309174537658691406e-01
2.471393823623657227e+00 2.306560134887695312e+01
7.015804201364517212e-02 4.103849411010742188e+00
-9.275034070014953613e-01 -5.748731613159179688e+00
1.477981376647949219e+01 -3.066390037536621094e+00
3.727967977523803711e+00 -1.120611310005187988e+00
1.847584533691406250e+01 3.497054100036621094e+00
-5.370666980743408203e+00 -1.246641635894775391e+01
2.553637504577636719e+00 2.621272087097167969e+00
-2.042423248291015625e+00 6.191335201263427734e+00
-1.495226287841796875e+01 1.087618732452392578e+01
-2.121032714843750000e+00 -6.668537139892578125e+00
-1.096575379371643066e+00 -4.595356941223144531e+00
-1.428058743476867676e+00 1.637584304809570312e+01
6.949174880981445312e+00 1.299943923950195312e+01
-1.638387560844421387e+00 -2.425206184387207031e+01
9.964429855346679688e+00 -5.396739006042480469e+00
4.048526763916015625e+00 1.188437843322753906e+01
3.483805465698242188e+01 1.329991245269775391e+01
-1.321304321289062500e+01 -1.640229606628417969e+01
1.371765232086181641e+01 1.346852779388427734e+01
2.017403030395507812e+01 4.448475360870361328e+00
-1.188107848167419434e+00 1.385586857795715332e+00
-4.360999584197998047e+00 -7.210541248321533203e+00
6.965271949768066406e+00 -4.556508064270019531e+00
-3.237184047698974609e+00 1.426702499389648438e+01
2.598051452636718750e+01 7.484333515167236328e+00
1.541666889190673828e+01 9.334620237350463867e-01
-9.154671669006347656e+00 3.959155082702636719e+00
-3.830814838409423828e+00 -6.671823978424072266e+00
-5.326025485992431641e+00 -1.322250556945800781e+01
2.659603595733642578e+00 7.643550872802734375e+00
1.477419281005859375e+01 8.012838363647460938e+00
8.574902534484863281e+00 -8.065004348754882812e+00
-2.454111278057098389e-01 -1.121133613586425781e+01
4.916099548339843750e+00 -1.999776482582092285e+00
-4.047996520996093750e+00 7.762134552001953125e+00
1.348342037200927734e+01 8.612146377563476562e+00
-1.802823424339294434e+00 1.880593109130859375e+01
-4.890951156616210938e+00 1.358672976493835449e+00
7.922452926635742188e+00 1.241092300415039062e+01
-2.240039348602294922e+00 -5.943095684051513672e+00
3.321403980255126953e+00 1.190673828125000000e+01
-1.172481536865234375e+01 -6.973237037658691406e+00
-5.450747013092041016e+00 7.386178970336914062e+00
-1.426048088073730469e+01 2.014940261840820312e+01
2.288745045661926270e-01 3.285471916198730469e+00
-7.013634681701660156e+00 -1.300386810302734375e+01
-7.091054439544677734e+00 -2.418996429443359375e+01
-1.046914577484130859e+01 -9.385827064514160156e+00
-7.091847419738769531e+00 -2.064134597778320312e+00
-8.922430872917175293e-01 -2.995373010635375977e+00
9.078206062316894531e+00 1.373479938507080078e+01
-1.633468437194824219e+01 -7.723874568939208984e+00
-9.950547218322753906e+00 1.212811589241027832e+00
-1.076743316650390625e+01 -1.731609582901000977e+00
-9.736756324768066406e+00 -1.394808769226074219e+01
-1.416810131072998047e+01 1.571573448181152344e+01
-4.049236297607421875e+00 1.754237556457519531e+01
-1.259889698028564453e+01 4.070916652679443359e+00
1.142961859703063965e+00 -1.836226654052734375e+01
-1.211057186126708984e+01 -2.213924169540405273e+00
-3.456358909606933594e-01 5.798329353332519531e+00
-6.198997497558593750e+00 -4.107291698455810547e+00
-1.060301780700683594e+01 -8.707244873046875000e+00
1.265605163574218750e+01 1.640834426879882812e+01
7.355522155761718750e+00 6.940261840820312500e+00
-9.432468414306640625e+00 -9.737380981445312500e+00
6.485025882720947266e-01 -1.665447044372558594e+01
2.228217887878417969e+01 -7.372521877288818359e+00
1.214857864379882812e+01 -1.393298053741455078e+01
1.127885913848876953e+01 1.238926696777343750e+01
-6.370141029357910156e+00 -7.358243465423583984e+00
2.005598068237304688e+00 -9.827713012695312500e+00
-7.535665035247802734e+00 -6.146062850952148438e+00
-4.070774078369140625e+00 -5.263207435607910156e+00
1.547269248962402344e+01 5.816914558410644531e+00
6.885397434234619141e+00 2.681194543838500977e+00
8.255768775939941406e+00 8.027233123779296875e+00
-2.313371896743774414e-01 1.465559959411621094e+01
2.408587932586669922e+00 -7.174674034118652344e+00
-2.247732162475585938e+00 1.403048896789550781e+01
-6.332978725433349609e+00 -7.311756610870361328e+00
-1.467656970024108887e+00 6.778141975402832031e+00
-1.692136383056640625e+01 1.127875208854675293e+00
-5.501801967620849609e+00 3.415357470512390137e-01
-3.505758047103881836e+00 3.580311775207519531e+00
1.241899299621582031e+01 1.313152164220809937e-01
-4.250584602355957031e+00 -4.853891372680664062e+00
-1.869617462158203125e+01 8.863473892211914062e+00
6.570901393890380859e+00 -6.895599842071533203e+00
7.377061843872070312e-01 -1.262864112854003906e+01
7.451954841613769531e+00 1.717644780874252319e-01
1.601077651977539062e+01 1.709481620788574219e+01
6.870990753173828125e+00 1.633836936950683594e+01
-9.915881603956222534e-02 4.909727096557617188e+00
3.372809410095214844e+00 -2.524294614791870117e+00
1.714869880676269531e+01 -8.516641616821289062e+00
-8.041896820068359375e+00 4.213514924049377441e-01
5.947337627410888672e+00 -4.596795558929443359e+00
1.306759262084960938e+01 6.005006790161132812e+00
3.673095941543579102e+00 1.458936882019042969e+01
-7.933443069458007812e+00 -7.446838378906250000e+00
-3.066745758056640625e+00 -5.199466705322265625e+00
1.326605558395385742e+00 3.114605426788330078e+00
-9.645399093627929688e+00 3.794354915618896484e+00
-1.089691066741943359e+01 1.245458030700683594e+01
1.620386242866516113e+00 -1.399383449554443359e+01
-1.893932819366455078e+00 3.778978586196899414e+00
-2.527697086334228516e+00 7.786629676818847656e+00
-1.063796281814575195e-01 -3.931469440460205078e+00
1.143579006195068359e+01 -3.098825216293334961e+00
-7.532124996185302734e+00 -1.953484058380126953e+00
2.519986629486083984e+00 -2.955319643020629883e+00
-7.756621241569519043e-01 -8.926046371459960938e+00
-1.162183666229248047e+01 1.118188095092773438e+01
2.702909469604492188e+00 -8.525936126708984375e+00
2.006209373474121094e+01 1.099081802368164062e+01
1.788161277770996094e+01 3.194463014602661133e+00
5.810257911682128906e+00 1.602198791503906250e+01
-1.442591190338134766e+00 7.136875152587890625e+00
-3.398896694183349609e+00 8.049879074096679688e+00
1.145402717590332031e+01 -3.637041807174682617e+00
1.617558956146240234e+00 -3.530071258544921875e+00
7.395123839378356934e-01 -5.025127410888671875e+00
-1.289050197601318359e+01 -1.876952362060546875e+01
-4.569235324859619141e+00 3.528565883636474609e+00
1.048505020141601562e+01 1.015920257568359375e+01
-1.691739273071289062e+01 -1.915543317794799805e+00
-1.856189346313476562e+01 -3.531211018562316895e-01
-2.848890113830566406e+01 -8.588191986083984375e+00
-1.472652435302734375e+00 9.351708412170410156e+00
-1.622072982788085938e+01 -4.470201015472412109e+00
5.485137939453125000e+00 8.383918762207031250e+00
-7.551925659179687500e+00 -1.118578815460205078e+01
1.421477222442626953e+01 1.275681495666503906e+01
7.745837211608886719e+00 1.769669055938720703e+00
-5.111654996871948242e-01 -1.668704152107238770e+00
1.255261898040771484e+01 -1.757252502441406250e+01
8.622279167175292969e+00 -3.187659025192260742e+00
5.561205863952636719e+00 4.541147232055664062e+00
-1.089010238647460938e+01 -1.761958885192871094e+01
1.013256549835205078e+01 5.001268386840820312e+00
1.398410558700561523e+00 7.513605117797851562e+00
-1.293415904045104980e+00 -4.448461055755615234e+00
1.193915843963623047e+00 -1.353848361968994141e+01
-1.791065454483032227e+00 1.174308300018310547e+01
-1.089220428466796875e+01 -9.590811729431152344e-01
8.356115341186523438e+00 -2.832444000244140625e+01
6.078782081604003906e+00 -1.361150264739990234e+01
-1.578034496307373047e+01 5.506750106811523438e+00
-3.608199119567871094e+00 1.643701171875000000e+01
2.638805866241455078e+00 1.998035192489624023e+00
-1.599223136901855469e+01 2.176128864288330078e+00
8.024866104125976562e+00 1.685781860351562500e+01
7.351869940757751465e-01 4.491383552551269531e+00
5.621902465820312500e+00 7.200910896062850952e-02
1.014583206176757812e+01 -4.595137119293212891e+00
6.257911682128906250e+00 1.283444499969482422e+01
-1.895820999145507812e+01 1.142965698242187500e+01
8.923220634460449219e+00 4.102197647094726562e+00
-5.963107109069824219e+00 1.240269541740417480e+00
-1.620299100875854492e+00 2.988352537155151367e+00
4.709828376770019531e+00 -2.373336982727050781e+01
-4.315395355224609375e+00 1.044181659817695618e-01
2.866329908370971680e+00 1.393254280090332031e+00
5.714819431304931641e+00 5.665316581726074219e+00
5.018264651298522949e-01 2.943492174148559570e+00
1.633671188354492188e+01 -2.948081016540527344e+00
-6.097365379333496094e+00 8.984601020812988281e+00
-4.869110584259033203e+00 1.180780506134033203e+01
-4.378217220306396484e+00 1.607655334472656250e+01
1.382819175720214844e+01 -1.305353069305419922e+01
5.888501167297363281e+00 1.470500564575195312e+01
-1.466576606035232544e-01 8.292709350585937500e+00
2.171745300292968750e+01 -3.696203231811523438e+00
9.867989540100097656e+00 1.287319755554199219e+01
1.195184803009033203e+01 -8.129945755004882812e+00
1.523953533172607422e+01 5.965226292610168457e-01
1.291996002197265625e+00 8.725551605224609375e+00
5.950186729431152344e+00 -8.076458930969238281e+00
-1.166951370239257812e+01 -2.318886184692382812e+01
3.922533512115478516e+00 6.685774803161621094e+00
1.683272552490234375e+01 -1.222675514221191406e+01
-2.171018600463867188e+00 -2.565831661224365234e+00
-4.722317695617675781e+00 -4.479120254516601562e+00
6.564612865447998047e+00 2.180283355712890625e+01
-7.615873336791992188e+00 -1.411659598350524902e+00
-8.375499725341796875e+00 -1.406102752685546875e+01
5.906757831573486328e+00 -1.565187263488769531e+01
-1.994690322875976562e+01 -6.174232959747314453e+00
-1.327343559265136719e+01 3.339247703552246094e+00
6.675762176513671875e+00 8.176276206970214844e+00
9.188383102416992188e+00 -1.859905838966369629e+00
1.737421417236328125e+01 -2.791056823730468750e+01
1.710006141662597656e+01 2.926346302032470703e+00
-5.461215496063232422e+00 2.040735054016113281e+01
5.321104526519775391e+00 5.650271892547607422e+00
-3.879909753799438477e+00 -1.476998329162597656e+01
1.826431083679199219e+01 -4.327145099639892578e+00
-1.775621032714843750e+01 4.624102592468261719e+00
-6.441610336303710938e+00 -6.061167240142822266e+00
9.584276199340820312e+00 1.324133777618408203e+01
1.166365718841552734e+01 -1.206026554107666016e+01
-1.484047031402587891e+01 -2.045248222351074219e+01
7.447974205017089844e+00 1.409759044647216797e+01
-1.338758707046508789e+00 -9.562240600585937500e+00
9.094104766845703125e+00 -1.347456550598144531e+01
-1.194513416290283203e+01 -2.250972366333007812e+01
7.051200866699218750e+00 2.153415870666503906e+01
-1.485727405548095703e+01 3.306705474853515625e+00
-1.281809711456298828e+01 9.419871330261230469e+00
8.657830238342285156e+00 -1.235238552093505859e+01
-1.665479469299316406e+01 1.246801757812500000e+01
6.992969036102294922e+00 -6.489265441894531250e+00
2.736860275268554688e+00 6.062663078308105469e+00
7.204414606094360352e-01 7.418638229370117188e+00
-5.425124168395996094e+00 2.481088876724243164e+00
-8.667436242103576660e-01 -3.907922506332397461e+00
1.831348538398742676e+00 1.931369590759277344e+01
-2.722742271423339844e+01 1.081969165802001953e+01
4.724716663360595703e+00 -1.431355953216552734e+01
-1.840254020690917969e+01 1.145065879821777344e+01
3.364683389663696289e-01 1.208744621276855469e+01
1.580248028039932251e-01 -1.172290039062500000e+01
-1.496812438964843750e+01 2.093665838241577148e+00
4.445467948913574219e+00 -7.717285633087158203e+00
-1.532806015014648438e+01 -1.912439584732055664e+00
1.566263198852539062e+01 8.609511375427246094e+00
-1.384110546112060547e+01 1.293014907836914062e+01
-5.834770202636718750e+00 -2.988215446472167969e+00
1.159558868408203125e+01 -5.213424682617187500e+00
-1.559960365295410156e+01 -8.142028808593750000e+00
6.520433902740478516e+00 1.522343540191650391e+01
3.221423864364624023e+00 -6.829983711242675781e+00
-1.321953868865966797e+01 -3.853316783905029297e+00
-4.069594383239746094e+00 -7.098068237304687500e+00
4.621259868144989014e-01 1.020325565338134766e+01
1.481021881103515625e+01 1.071197986602783203e+01
-6.328658103942871094e+00 -1.496679306030273438e+01
-2.447347879409790039e+00 -4.519316673278808594e+00
-3.967895984649658203e+00 -3.618223905563354492e+00
-1.405716705322265625e+01 -5.231473445892333984e-01
-1.097635841369628906e+01 6.497873306274414062e+00
1.409844207763671875e+01 -1.137279891967773438e+01
9.147895812988281250e+00 1.430407524108886719e+00
8.402549743652343750e+00 -1.322887516021728516e+01
-4.894498348236083984e+00 5.386540412902832031e+00
-6.442068099975585938e+00 -5.828271865844726562e+00
8.952607154846191406e+00 -3.835146427154541016e+00
-2.153752517700195312e+01 1.381595039367675781e+01
-1.563496398925781250e+01 -2.880283164978027344e+01
6.907269954681396484e+00 3.193538284301757812e+01
1.790127515792846680e+00 -1.210776448249816895e+00
-5.776657581329345703e+00 6.422728300094604492e-01
4.135117053985595703e+00 1.400856494903564453e+01
1.769185256958007812e+01 -2.368331527709960938e+01
9.835674285888671875e+00 3.150179147720336914e+00
-1.034664535522460938e+01 2.689079284667968750e+01
-2.471189975738525391e+00 -2.340333461761474609e+00
-3.019248485565185547e+00 4.985674858093261719e+00
